timestamp,altitude,longitude,latitude,speed,accuracy
1556930611452,118.699996948,127.3560148,36.3706289,0.0,16.219
1556931714016,118.800003052,127.3560943,36.3705833,0.0,15.961
1556931767253,118.699996948,127.3560483,36.3706183,0.0,15.895
1556931902568,0.0,127.3561107,36.3705414,0.0,24.363
1556931955312,118.800003052,127.3560769,36.3706028,0.0,16.132
1556932009418,0.0,127.3560685,36.3706744,0.0,18.294
1556932065653,160.57578588,127.3562519,36.3712921,0.0,150.951
1556932075022,160.57578588,127.3562519,36.3712921,0.0,119.153
1556932090230,79.1999969482,127.3558209,36.370637,0.0,14.997
1556932108874,62.9560154545,127.3563094,36.3698936,5.8899584,64.0
1556932113874,78.5362966073,127.3562982,36.3701456,3.8463063,45.179
1556932115874,90.2382811021,127.3564056,36.3704005,0.38882184,30.67
1556932116874,74.5952199635,127.356391,36.3704481,1.419789,26.013
1556932117999,72.9056483076,127.3563476,36.37049,1.6163588,20.732
1556932119999,78.33216341,127.3563195,36.3705712,1.7148991,14.218
1556932121999,88.0520876679,127.3563055,36.370685,2.2992423,10.215
1556932123999,88.5400950353,127.3563063,36.3707612,2.9121165,8.665
1556932125999,88.2657797681,127.3562817,36.370845,2.5257351,6.86
1556932126999,91.332464735,127.3562605,36.3708884,2.4040065,6.223
1556932127999,93.1287403909,127.3562381,36.3709314,2.3936977,5.87
1556932129999,94.0186871732,127.3561625,36.3710299,2.8635092,6.189
1556932130999,93.0832910723,127.3561297,36.3710891,2.8665712,5.905
1556932131999,91.9413022239,127.3561114,36.3711382,3.0046482,5.755
1556932132999,91.8999653812,127.3561004,36.371184,3.1997957,5.612
1556932133999,91.5149373602,127.3560914,36.3712526,3.57827,5.006
1556932134999,91.0734463304,127.356089,36.371306,3.5839481,4.707
1556932135999,91.74130711,127.3560958,36.3713531,3.60982,4.57
1556932137999,90.619281844,127.3561211,36.3714255,3.3992221,4.46
1556932139999,89.7340481502,127.3561654,36.3714743,3.0551512,4.434
1556932141999,89.2084589443,127.3562291,36.3715042,3.4825225,4.383
1556932143999,88.1417493964,127.3562987,36.3715309,3.2860525,4.53
1556932144999,88.1006429862,127.3563513,36.3715541,3.357494,3.728
1556932146999,87.2349079633,127.3564376,36.3715872,3.5850904,3.428
1556932148999,86.588159392,127.3565291,36.3716128,3.7952104,3.302
1556932150999,86.2743027052,127.3566246,36.3716373,3.8567195,3.356
1556932152999,86.1690775242,127.3567029,36.3716602,3.8052573,4.221
1556932154999,86.0719334908,127.3567931,36.3716926,3.752759,4.612
1556932155999,86.025494785,127.3568458,36.3717115,3.7498374,4.541
1556932156999,85.982108169,127.3568992,36.3717266,3.7522848,4.546
1556932158999,85.8903749588,127.3569849,36.3717319,3.747288,4.39
1556932160999,85.0682736129,127.3570586,36.3717204,3.8350923,4.821
1556932162999,84.5479561241,127.3571589,36.3716922,3.9578118,5.38
1556932163999,84.3855561886,127.3572148,36.3716764,3.9965987,5.506
1556932164999,84.2531824631,127.3573695,36.3716289,4.0644236,8.0
1556932165999,84.0959223082,127.3574287,36.3716028,4.150376,8.0
1556932166999,83.9187202938,127.3574968,36.3715834,4.222713,8.0
1556932167999,83.6377600339,127.3575674,36.3715593,4.3072896,8.0
1556932168999,83.3566220317,127.3576293,36.3715433,4.3985834,8.0
1556932169999,83.0888265461,127.357691,36.3715275,4.494564,8.0
1556932170999,82.7928686151,127.3577544,36.3715141,4.583114,8.0
1556932171999,82.5405033317,127.3578131,36.3714973,4.647061,8.0
1556932172999,82.3024415196,127.3578766,36.3714808,4.718887,6.0
1556932173999,82.007261031,127.3579629,36.3714691,4.830584,6.0
1556932174999,81.7436619478,127.3580391,36.3714533,4.923398,6.0
1556932175999,81.4855676655,127.3580976,36.3714293,4.985135,6.0
1556932177999,80.890607185,127.3581963,36.3713867,5.0668855,6.0
1556932178999,80.6765065405,127.358255,36.3713592,5.076419,6.0
1556932179999,80.4933207496,127.35831,36.3713374,5.0732603,6.0
1556932181999,80.0660200833,127.3584118,36.3712971,5.0142355,8.0
1556932183999,79.8022309193,127.3585176,36.3712495,4.963293,8.0
1556932184999,79.714856945,127.3585656,36.3712201,4.9641776,8.0
1556932185999,79.6124571027,127.3586241,36.3711872,4.9517183,8.0
1556932187999,79.4835944931,127.3587254,36.3711393,4.8611765,8.0
1556932188999,79.4776068909,127.3587739,36.3711146,4.79107,8.0
1556932190999,79.4451352834,127.3588692,36.3710564,4.728657,8.0
1556932191999,79.4529978004,127.3589472,36.3710143,4.7820735,8.0
1556932192999,79.5184766246,127.3590609,36.3709712,4.8481917,8.0
1556932193999,79.4566220711,127.3591119,36.370945,4.9027905,8.0
1556932194999,79.4551144632,127.3591993,36.3709101,4.9192038,8.0
1556932196999,79.476864028,127.3592953,36.370852,4.94206,8.0
1556932197999,79.4648241933,127.3593572,36.3708122,4.9618616,8.0
1556932198999,79.4536065813,127.3594187,36.3707738,5.034595,8.0
1556932199999,79.3879831112,127.359504,36.3707434,5.0665913,8.0
1556932200999,79.3301805278,127.3595641,36.3707019,5.108978,8.0
1556932201999,79.2904388869,127.3596423,36.3706558,5.1359773,8.0
1556932202999,79.2701891723,127.3596988,36.3706191,5.1693254,8.0
1556932203999,79.2496174167,127.3597552,36.3705868,5.206492,8.0
1556932204999,79.2838825898,127.3598073,36.3705495,5.2337947,6.0
1556932205999,79.3158089199,127.3598566,36.3705163,5.2465873,6.0
1556932206999,79.2947302268,127.3599072,36.3704836,5.2487965,6.0
1556932207999,79.2796103704,127.3599524,36.3704562,5.2438126,6.0
1556932208999,79.3256766115,127.3600023,36.3704262,5.2367163,6.0
1556932209999,79.359353701,127.3600504,36.3703961,5.225762,6.0
1556932211999,79.392668224,127.3601413,36.3703462,5.1822414,6.0
1556932212999,79.4129570097,127.3601888,36.3703197,5.16711,6.0
1556932213999,79.4889055823,127.3602373,36.3702848,5.1585774,6.0
1556932214999,79.5858510392,127.3602817,36.3702454,5.1666584,6.0
1556932215999,79.7005934267,127.3603249,36.3702065,5.166951,6.0
1556932216999,79.7425384094,127.3603691,36.3701739,5.1561246,6.0
1556932217999,79.8214044383,127.3604126,36.3701396,5.149198,6.0
1556932218999,79.8993454444,127.3604578,36.3701022,5.1573744,6.0
1556932219999,79.9292431244,127.3605022,36.3700674,5.1765904,6.0
1556932220999,79.9668991339,127.3605442,36.3700317,5.19475,4.0
1556932221999,80.0374973997,127.3605925,36.3699944,5.2062645,4.0
1556932222999,80.1433842504,127.3606371,36.3699605,5.2247434,4.0
1556932223999,80.1690390089,127.360684,36.3699289,5.239423,4.0
1556932224999,80.1586191777,127.3607227,36.3698923,5.2644563,4.0
1556932225999,80.1224719439,127.3607649,36.3698551,5.3173447,4.0
1556932226999,80.0809761756,127.3608081,36.3698133,5.3803563,4.0
1556932227999,80.0558964715,127.3608515,36.36977,5.4350834,4.0
1556932228999,80.046751787,127.3608955,36.3697279,5.495864,4.0
1556932229999,80.0432630568,127.360939,36.3696806,5.5646133,4.0
1556932230999,80.0482749171,127.3609846,36.3696409,5.6232333,4.0
1556932231999,80.0495365933,127.3610295,36.3695942,5.6681437,4.0
1556932232999,80.0720363507,127.361075,36.3695511,5.7017827,4.0
1556932233999,80.0853891912,127.3611174,36.3695097,5.727698,4.0
1556932234999,80.0988083755,127.3611572,36.3694654,5.743097,4.0
1556932235999,80.1268634153,127.3612025,36.3694237,5.740002,4.0
1556932236999,80.1334207168,127.3612407,36.3693851,5.737465,4.0
1556932237999,80.1390796803,127.3612829,36.3693389,5.729268,4.0
1556932238999,80.1673441787,127.3613228,36.3692975,5.733073,4.0
1556932239999,80.2168768532,127.3613616,36.3692467,5.725877,4.0
1556932240999,80.2470799309,127.3614025,36.3691994,5.7068467,4.0
1556932241999,80.2955205927,127.3614422,36.3691602,5.690116,4.0
1556932242999,80.3137615987,127.361488,36.3691216,5.6936903,4.0
1556932243999,80.3294965997,127.3615277,36.3690742,5.704539,4.0
1556932244999,80.363662647,127.3615631,36.3690255,5.7225714,4.0
1556932245999,80.4184054765,127.3615932,36.3689808,5.753482,4.0
1556932246999,80.4585033898,127.3616308,36.3689361,5.7825885,4.0
1556932247999,80.4741753674,127.3616691,36.3688907,5.798844,4.0
1556932248999,80.4780657044,127.3617033,36.3688486,5.8003807,4.0
1556932249999,80.4765873414,127.3617371,36.3688013,5.767362,4.0
1556932251999,80.4205851733,127.3618014,36.3687196,5.72656,4.0
1556932252999,80.396683576,127.3618285,36.3686768,5.739366,4.0
1556932253999,80.4083647996,127.3618594,36.368628,5.7609596,4.0
1556932254999,80.4029677759,127.3618906,36.3685799,5.778904,4.0
1556932255999,80.4137909652,127.3619215,36.3685318,5.778624,4.0
1556932256999,80.398950642,127.3619487,36.368486,5.775052,4.0
1556932257999,80.3676389331,127.3619828,36.3684468,5.755791,4.0
1556932258999,80.3314768451,127.3620159,36.3684066,5.7250876,4.0
1556932259999,80.3311009119,127.3620507,36.3683644,5.683857,4.0
1556932260999,80.3605645735,127.3620868,36.3683206,5.6437926,4.0
1556932261999,80.3601290461,127.3621186,36.3682748,5.6124954,4.0
1556932262999,80.346733212,127.3621488,36.3682281,5.5926633,4.0
1556932263999,80.311726524,127.3621768,36.3681861,5.5822444,4.0
1556932264999,80.2875177319,127.3621956,36.3681364,5.5719037,4.0
1556932265999,80.2584423121,127.3622174,36.3680868,5.5629263,4.0
1556932266999,80.18089818,127.3622389,36.3680434,5.5527864,4.0
1556932267999,80.0727808267,127.3622579,36.3679964,5.5462375,4.0
1556932268999,79.9817337297,127.3622806,36.3679511,5.5261493,4.0
1556932269999,79.9064167085,127.3623062,36.3679087,5.5076575,4.0
1556932270999,79.854414811,127.3623276,36.3678639,5.5041075,4.0
1556932271999,79.8152779069,127.3623423,36.3678107,5.5025806,4.0
1556932272999,79.7753655727,127.3623577,36.367764,5.4978247,4.0
1556932273999,79.7537269408,127.362374,36.367716,5.4848356,4.0
1556932274999,79.7017130362,127.3623988,36.367674,5.466859,4.0
1556932275999,79.6456360362,127.3624241,36.3676318,5.4533396,4.0
1556932276999,79.6097527204,127.36245,36.3675862,5.4331393,4.0
1556932277999,79.5845973733,127.3624797,36.367538,5.4186506,4.0
1556932278999,79.5944935049,127.3625047,36.3674921,5.398544,4.0
1556932279999,79.6003685384,127.3625321,36.3674471,5.3848357,4.0
1556932280999,79.6079187432,127.3625634,36.367405,5.3789735,4.0
1556932281999,79.6034851344,127.3625933,36.3673638,5.372214,4.0
1556932282999,79.5912175322,127.3626197,36.3673208,5.373389,4.0
1556932283999,79.6019117336,127.3626439,36.3672708,5.338845,4.0
1556932285999,79.631182574,127.3627082,36.3672243,5.2273026,4.0
1556932287999,79.6593363713,127.3627963,36.367205,5.111696,4.0
1556932289999,79.6817734716,127.3628822,36.3671611,5.0467067,4.0
1556932291999,79.7359752626,127.3629607,36.3671036,4.9683595,4.0
1556932293999,79.8168489784,127.3630323,36.3670392,4.8988414,4.0
1556932295999,79.8990043593,127.3631018,36.3669744,4.8369946,4.0
1556932297999,79.961011044,127.3631831,36.3669158,4.805561,4.0
1556932298999,79.9791584326,127.3632169,36.366872,4.8269587,6.0
1556932299999,79.9908573653,127.3632512,36.3668241,4.8305154,6.0
1556932301999,80.0045884835,127.3632982,36.3667511,4.824882,6.0
1556932303999,80.0189646318,127.3633535,36.3666775,4.8025503,8.0
1556932305999,80.0290721273,127.3634084,36.3665916,4.791445,6.0
1556932307999,79.9568129615,127.3634481,36.3665124,4.78143,6.0
1556932309999,79.8335605231,127.3634845,36.3664386,4.7710423,6.0
1556932310999,79.7462099632,127.3634983,36.3663946,4.7469473,6.0
1556932312999,79.611937524,127.3635402,36.3663157,4.6884813,4.0
1556932314999,79.5159859917,127.363616,36.3662666,4.662239,4.0
1556932316999,79.4107958444,127.363716,36.3662428,4.690647,4.0
1556932318999,79.3487538033,127.3638135,36.3662199,4.6629944,4.0
1556932320999,79.2636321148,127.3639073,36.3662138,4.6376038,4.0
1556932321999,79.2129164105,127.3639629,36.3662188,4.6159434,4.0
1556932323999,79.2034099202,127.3640494,36.3662424,4.4619403,4.0
1556932348999,78.9381484543,127.3640107,36.3661973,1.159422,3.0
1556932353999,78.6883071424,127.3639669,36.3661662,1.2432003,3.245
1556932356999,78.4993728208,127.3639116,36.3661462,1.2318668,3.0
1556932359999,78.3030679851,127.3638614,36.3661136,1.2801722,3.0
1556932363999,78.0510930357,127.363812,36.3660706,1.2608696,3.0
1556932368999,77.7277041567,127.3637918,36.3660252,1.1543646,3.0
1556932374999,77.3182330348,127.3637849,36.3659672,1.0929976,3.0
1556932377999,77.0821668815,127.363774,36.3659145,1.1750562,3.0
1556932380999,76.8415083567,127.363767,36.365854,1.2235793,3.0
1556932383999,76.6052924833,127.3637433,36.3658019,1.3029896,3.0
1556932387999,76.3034396593,127.36372,36.365746,1.4798138,3.049
1556932390999,76.0818834111,127.3636929,36.3657002,1.6288943,3.0
1556932393999,75.8514676945,127.3636895,36.3656494,1.6256263,3.049
1556932396999,75.6139142563,127.3636943,36.3656002,1.5661386,3.002
1556932399999,75.3702583029,127.3636899,36.3655461,1.6100982,3.17
1556932402999,75.1216804046,127.363677,36.3654928,1.6907201,3.0
1556932405999,74.8792280844,127.3636532,36.3654475,1.6888449,3.041
1556932409999,74.5526282556,127.3636222,36.3654009,1.6205202,3.006
1556932413999,74.2356506068,127.3635816,36.3653618,1.6123081,3.0
1556932417999,73.9543128698,127.3635198,36.3653248,1.728643,3.117
1556932420999,73.7513770267,127.3634679,36.3652988,1.7938937,3.034
1556932423999,73.5576245995,127.3634131,36.3652718,1.8443356,3.05
1556932426999,73.3810221927,127.3633504,36.3652533,1.7888719,3.72
1556932431999,73.1133155678,127.3632847,36.3652352,1.5859365,3.024
1556932435999,72.9205507271,127.3632267,36.3652173,1.4654202,3.0
1556932440999,72.7276909909,127.3631616,36.3652174,1.3047739,3.0
1556932443999,72.6220800997,127.3631036,36.3652004,1.3492676,3.0
1556932447999,72.4923316043,127.3630512,36.3651741,1.3723798,3.0
1556932451999,72.3871611326,127.3629937,36.3651588,1.4240682,3.17
1556932455999,72.2999567059,127.3629329,36.3651322,1.4002284,3.097
1556932458999,72.2459157372,127.3628817,36.3651005,1.3461024,3.115
1556932477999,72.1849746413,127.3628356,36.365075,0.047612272,3.0
1556932518265,72.2452918182,127.36282,36.3650675,0.10170708,3.0
1556932570101,72.2778574014,127.3627395,36.3651758,0.0,4.781
1556932621000,84.040448898,127.3628984,36.3650527,0.0,4.105
1556932724377,0.0,127.3642721,36.3617688,0.0,94.196
1556932776000,68.7056368948,127.3626959,36.365017,3.8130913,3.78
1556932795000,68.7363542696,127.3606266,36.3639077,12.725468,12.0
1556932796000,68.823482534,127.3605069,36.3638361,12.8644085,12.0
1556932797000,68.8778138759,127.3603839,36.3637644,13.096119,6.0
1556932798000,68.9002522969,127.360245,36.3636739,13.096295,6.0
1556932799000,68.9037368097,127.360137,36.3635968,13.1864605,6.0
1556932800000,68.8756577825,127.3600277,36.3635206,13.175472,6.0
1556932801000,68.8458353918,127.3599131,36.3634421,13.250487,6.0
1556932802000,68.8735697973,127.3597966,36.3633615,13.371857,6.0
1556932803000,68.9170043002,127.3596847,36.3632823,13.362977,6.0
1556932804000,68.9041495723,127.3595575,36.3631927,13.333202,6.0
1556932805000,68.8392540716,127.359434,36.3631146,13.12968,6.0
1556932806000,68.8055326387,127.3593155,36.363042,12.726692,6.0
1556932807000,68.7905480476,127.3592035,36.3629759,12.246036,8.0
1556932808000,68.7630423081,127.3591015,36.3629103,11.748676,6.0
1556932809000,68.8222377862,127.3590079,36.3628492,11.104125,6.0
1556932810000,69.07448581,127.3589107,36.3627915,9.843892,6.0
1556932811000,69.4350471859,127.358835,36.3627484,8.348917,6.0
1556932812000,69.9071711754,127.3587754,36.3627163,6.6918783,6.0
1556932814000,70.0457410075,127.358716,36.362689,3.2913477,5.318
1556932827000,73.7113134921,127.3586379,36.3626635,3.1978042,5.589
1556932828000,75.7592057199,127.3585122,36.3626129,4.1920805,8.0
1556932829000,77.4137843667,127.3584466,36.3625787,4.7679477,8.0
1556932830000,78.7436994807,127.3583844,36.3625522,5.1803365,8.0
1556932831000,79.850277452,127.3583222,36.362529,5.270369,8.0
1556932832000,80.8388744536,127.3582593,36.3625,5.574736,8.0
1556932833000,81.7128938977,127.3581937,36.362467,5.8477063,6.0
1556932834000,82.4316238773,127.3581248,36.362435,5.951897,6.0
1556932835000,83.0244922184,127.3580591,36.3624031,5.8503647,6.0
1556932836000,83.5212883,127.3580014,36.3623743,5.6365566,6.0
1556932837000,83.9294854286,127.3579477,36.3623487,5.3248196,6.0
1556932839000,84.3269757066,127.3578629,36.3623066,4.366174,6.0
1556932842000,84.4128112821,127.3577998,36.3622707,2.8880663,3.995
1556932852000,84.5215666907,127.3577532,36.3622459,0.023818262,3.0
1556932894000,84.7540613427,127.3577171,36.3622069,2.6357105,3.262
1556932896000,85.0486231465,127.3576257,36.3621478,4.243815,4.0
1556932897000,85.1490008949,127.3575775,36.3621208,4.638177,4.0
1556932899000,85.2715385578,127.3574899,36.362066,5.018632,4.0
1556932900000,85.3159009971,127.3574415,36.362035,5.159476,4.0
1556932901000,85.3380066197,127.3573847,36.3619984,5.3398924,4.0
1556932902000,85.3765931128,127.3573193,36.3619548,5.575752,4.0
1556932903000,85.399781312,127.3572476,36.3619141,5.8199773,4.0
1556932904000,85.4194162906,127.3571765,36.3618719,6.6085668,4.0
1556932905000,85.447060522,127.3571173,36.3618368,6.3625255,4.0
1556932906000,85.4771584844,127.3570674,36.3618111,5.6462083,6.0
1556932908000,85.4972544954,127.3569988,36.3617707,4.6895127,6.0
1556932911000,85.5018659997,127.3569542,36.361742,3.116873,3.664
1556932913000,85.5610291575,127.3568741,36.3617066,4.1185856,4.0
1556932915000,85.6590012989,127.356771,36.3616538,5.3816347,4.0
1556932916000,85.694914883,127.3567125,36.3616264,5.8942585,4.0
1556932917000,85.7235990906,127.3566438,36.3615929,6.1746497,4.0
1556932918000,85.6987465255,127.3565764,36.361558,6.32207,8.0
1556932919000,85.673616093,127.3565119,36.3615303,6.501557,3.9
1556932920000,85.6402758251,127.3564423,36.3614995,7.096205,6.0
1556932921000,85.593422697,127.3563588,36.361462,7.4225273,6.0
1556932922000,85.5278695886,127.35627,36.3614211,7.5823994,6.0
1556932923000,85.4801692562,127.3561902,36.3613858,7.6180215,4.0
1556932924000,85.4564189164,127.3561119,36.3613534,7.6645436,4.0
1556932925000,85.5161129324,127.3560349,36.3613283,7.9834037,4.0
1556932926000,85.6281673601,127.3559477,36.3612955,8.6176195,4.0
1556932927000,85.7527889186,127.3558516,36.3612607,9.080946,6.0
1556932928000,85.9003585652,127.3557412,36.3612225,9.435381,6.0
1556932929000,86.0284577982,127.3556379,36.361187,9.893452,6.0
1556932930000,86.1288087598,127.3555248,36.3611496,10.282963,6.0
1556932932000,86.2533965901,127.3552985,36.3610691,10.941688,12.0
1556932933000,86.2799943308,127.3551772,36.3610307,11.263345,6.0
1556932934000,86.2869997658,127.3550515,36.3609917,11.2494955,12.0
1556932935000,86.2795210604,127.3549325,36.3609543,11.223965,12.0
1556932936000,86.266050395,127.3548033,36.3609119,11.484423,8.0
1556932937000,86.2007191148,127.3546814,36.3608701,10.951695,6.0
1556932938000,86.1538413931,127.3545619,36.3608363,10.542304,6.0
1556932939000,86.1098017106,127.354434,36.3607996,10.443758,6.0
1556932940000,86.0738108217,127.3543077,36.3607647,10.89554,8.0
1556932941000,86.0376566868,127.3541798,36.3607296,11.256251,8.0
1556932942000,86.0068334552,127.3540488,36.3606958,11.490527,8.0
1556932943000,85.9822284061,127.3539131,36.3606594,11.572529,12.0
1556932944000,85.9666337691,127.3537862,36.3606231,11.395417,12.0
1556932945000,85.9667255658,127.3536606,36.3605867,11.299361,6.0
1556932946000,85.9975969944,127.3535394,36.3605541,11.017733,6.0
1556932947000,86.0583232884,127.353425,36.3605241,10.503878,8.0
1556932948000,86.1595332725,127.3533164,36.360498,10.354183,12.0
1556932949000,86.2870436359,127.3532058,36.3604726,10.2052555,12.0
1556932950000,86.4161794922,127.3530911,36.3604468,9.91859,6.0
1556932951000,86.5537961815,127.3529788,36.3604247,9.424336,8.0
1556932952000,86.7460588126,127.3528858,36.3604145,8.651136,8.0
1556932953000,86.9165460617,127.3528006,36.3604005,7.710905,8.0
1556932954000,87.050229501,127.352728,36.3603886,6.767822,8.0
1556932956000,87.0688895348,127.3526441,36.360375,4.104397,6.0
1556932975000,86.7954563895,127.3525625,36.360354,3.1981955,3.505
1556932976000,86.3344765776,127.3525022,36.3603425,3.7510176,3.702
1556932977000,85.9184368824,127.3523864,36.3603322,4.53232,6.0
1556932978000,85.6020038966,127.352307,36.3603221,5.434079,6.0
1556932979000,85.3921268361,127.3522182,36.3603119,6.584777,6.0
1556932980000,85.227858094,127.3521044,36.3603095,8.02012,6.0
1556932981000,85.1530268361,127.3519819,36.3603142,8.630934,6.0
1556932982000,85.1522099564,127.3518719,36.360316,8.968847,6.0
1556932983000,85.1652089181,127.3517619,36.3603146,9.204424,6.0
1556932984000,85.1942161091,127.3516498,36.3603137,9.5981865,6.0
1556932985000,85.2256952466,127.3515313,36.3603148,10.660746,6.0
1556932986000,85.2621156419,127.3513959,36.360324,11.6692095,6.0
1556932987000,85.2999255866,127.3512506,36.3603397,12.108559,6.0
1556932988000,85.3424755454,127.3511097,36.3603581,12.410154,6.0
1556932989000,85.3763521425,127.3509597,36.360377,12.583782,6.0
1556932990000,85.4450013915,127.3508177,36.360397,12.758174,6.0
1556932991000,85.5434344363,127.3506728,36.3604199,13.22416,6.0
1556932992000,85.6246643022,127.3505148,36.3604479,13.347146,6.0
1556932993000,85.7232396859,127.3503606,36.3604766,13.251466,6.0
1556932994000,85.8269008456,127.3502136,36.3605056,12.870805,6.0
1556932995000,85.9425814539,127.3500783,36.360536,12.31086,6.0
1556932996000,86.0446417046,127.3499628,36.360563,11.611023,6.0
1556932997000,86.1560210879,127.3498485,36.3605912,10.810269,6.0
1556932998000,86.2430576777,127.3497569,36.3606153,9.625136,6.0
1556932999000,86.3168167703,127.3496845,36.3606341,7.9480405,6.0
1556933000000,86.3228776391,127.3496306,36.360647,6.003685,6.0
1556933017000,86.3344475989,127.349577,36.3606621,1.0284858,3.83
1556933020000,86.4526622129,127.3494919,36.3606923,3.6543994,4.942
1556933021000,86.5806025111,127.3493866,36.3607256,4.3490477,6.0
1556933022000,86.6983638766,127.3493213,36.360741,5.0990844,6.0
1556933023000,86.7724577415,127.3492442,36.3607563,6.1007032,6.0
1556933024000,86.9100415076,127.3491616,36.3607832,7.4475713,8.0
1556933025000,86.9884043254,127.3490585,36.3607941,7.978587,8.0
1556933026000,86.9964419502,127.3489578,36.3608163,7.822803,8.0
1556933027000,87.0017265105,127.3488672,36.360842,7.778697,8.0
1556933028000,87.139390845,127.348774,36.3608752,7.8248506,12.0
1556933029000,87.204538932,127.3486845,36.3608961,7.911378,12.0
1556933030000,87.2038754015,127.3485926,36.3609216,8.057429,12.0
1556933031000,87.1768911338,127.3484983,36.3609553,8.690864,12.0
1556933032000,87.1432111068,127.3483986,36.3609984,9.129962,8.0
1556933033000,86.97316383,127.3483013,36.3610539,9.043838,8.0
1556933034000,86.7583433752,127.3482128,36.3611031,8.74114,8.0
1556933035000,86.5812040302,127.3481304,36.3611447,8.389494,4.0
1556933036000,86.4397054513,127.3480546,36.3611798,7.4974527,4.0
1556933037000,86.3562549654,127.3479869,36.361202,6.511989,4.0
1556933039000,86.2642561392,127.3478862,36.3612407,4.228201,6.0
1556933042000,86.2949403009,127.3478449,36.3612751,0.0,4.443
1556933049000,86.3259012629,127.347806,36.3613078,0.0,3.0
1556933068000,86.0057800768,127.3477625,36.3613506,0.5365089,4.804
1556933071000,85.7955120176,127.3476701,36.3613617,3.4497912,5.792
1556933072000,85.1690296463,127.3475262,36.3613732,6.018597,6.0
1556933073000,84.6880472491,127.3474256,36.3614189,7.7673635,6.0
1556933074000,84.2950743145,127.3473075,36.3614596,8.841096,12.0
1556933075000,83.9774627242,127.347182,36.3615129,9.281009,12.0
1556933076000,83.6751251238,127.3470637,36.3615591,9.2949505,12.0
1556933077000,83.3963496771,127.3469539,36.3616021,9.2780075,12.0
1556933078000,83.0397012407,127.3468217,36.3616659,9.535293,8.0
1556933079000,82.7120195551,127.3466953,36.3617348,9.554638,8.0
1556933080000,82.3775835824,127.3465873,36.3617797,9.115275,8.0
1556933081000,82.115369657,127.3464927,36.3618231,8.474086,8.0
1556933082000,81.9379943204,127.3464074,36.3618604,7.93247,6.0
1556933083000,81.8535465752,127.3463277,36.3618951,7.2946973,6.0
1556933084000,81.8260389686,127.3462547,36.3619177,6.700637,6.0
1556933085000,81.8670624066,127.3461854,36.3619341,6.422599,6.0
1556933086000,81.8396845722,127.3461104,36.3619557,6.4578404,6.0
1556933087000,81.8227040034,127.3460344,36.3619808,6.155026,6.0
1556933088000,81.7592626824,127.3459666,36.362003,5.77149,6.0
1556933089000,81.6240346684,127.3459085,36.3620217,5.122318,6.0
1556933090000,81.6024239887,127.3458537,36.3620451,4.8272176,6.0
1556933091000,81.6016363864,127.3457981,36.3620714,4.525566,6.0
1556933092000,81.6000544536,127.3457473,36.3620984,4.1288047,6.0
1556933094000,81.5879216819,127.3456897,36.3621183,3.4108543,5.815
1556933095000,81.5956188837,127.3456275,36.3621385,3.4948595,5.282
1556933097000,81.5906282565,127.3455339,36.3621684,3.459268,5.062
1556933099000,81.6897547688,127.345392,36.3622201,4.0210056,4.0
1556933100000,81.8069851727,127.3453307,36.3622428,5.0437255,4.0
1556933101000,82.0084968531,127.3452442,36.3622717,6.3749347,4.0
1556933102000,82.1116986903,127.3451423,36.3622989,7.103741,4.0
1556933103000,82.2198729331,127.3450374,36.3623195,7.5449114,4.0
1556933104000,82.4059926439,127.3449344,36.3623283,7.015713,4.0
1556933105000,82.6582087663,127.3448482,36.362295,8.014179,6.0
1556933106000,82.9217678643,127.3447574,36.3622442,8.682031,6.0
1556933107000,83.1934559435,127.344675,36.3621723,9.033487,6.0
1556933108000,83.4905388251,127.3445942,36.3620948,9.242554,6.0
1556933109000,83.8023210155,127.3445225,36.362013,9.156221,6.0
1556933110000,84.1054600208,127.3444631,36.3619369,8.522223,6.0
1556933111000,84.449757306,127.3444169,36.3618697,7.838618,6.0
1556933112000,84.8583454769,127.344377,36.3618059,7.603577,4.0
1556933113000,85.2226948475,127.3443287,36.3617507,7.471116,4.0
1556933114000,85.504559149,127.3442856,36.3616948,7.177954,4.0
1556933115000,85.7057328638,127.3442523,36.361639,6.691306,4.0
1556933116000,85.719947305,127.344222,36.3615932,5.2729945,4.0
1556933139000,85.4495101684,127.3442199,36.3615433,0.97233504,4.09
1556933141000,85.2712297525,127.3442144,36.3614899,2.3728294,4.425
1556933143000,85.0828759855,127.3442002,36.3614174,3.2581954,4.797
1556933145000,83.9626821584,127.3441269,36.3612891,4.2777915,8.0
1556933146000,83.1726163673,127.3440942,36.3612336,6.244053,12.0
1556933147000,82.5525096223,127.3440532,36.3611535,7.5007043,12.0
1556933148000,82.0457146377,127.3440294,36.3610712,8.062624,12.0
1556933150000,81.3260782713,127.3439578,36.3608682,9.472929,8.0
1556933151000,81.0884205366,127.3439176,36.3607572,10.711042,12.0
1556933152000,80.8942882792,127.3438767,36.3606355,11.644031,12.0
1556933153000,80.727078299,127.3438373,36.3605072,12.539023,8.0
1556933154000,80.5964163639,127.3437951,36.3603794,12.977489,8.0
1556933155000,80.4666892836,127.3437468,36.3602552,13.196138,8.0
1556933156000,80.2764727811,127.3437019,36.3601253,13.087178,8.0
1556933157000,80.0432734839,127.343657,36.3600004,13.126084,6.0
1556933158000,79.7817854431,127.3436129,36.3598749,13.643649,3.9
1556933159000,79.5485223215,127.3435673,36.3597498,13.864297,3.9
1556933160000,79.3878449926,127.3435224,36.3596263,13.838498,3.9
1556933161000,79.3128444277,127.3434765,36.3595037,14.059706,3.9
1556933162000,79.2344672774,127.3434256,36.3593818,13.999925,3.0
1556933163000,79.1529611462,127.3433764,36.3592637,13.85931,4.0
1556933164000,79.1403160142,127.3433258,36.3591517,13.684805,4.0
1556933165000,79.2003365791,127.3432881,36.3590348,13.4978,6.0
1556933167000,79.3013921835,127.3431886,36.3588128,13.3015585,6.0
1556933168000,79.3352762156,127.3431378,36.3587042,13.16535,8.0
1556933169000,79.1614166082,127.3430949,36.3585971,12.859926,8.0
1556933170000,79.0590113009,127.3430605,36.3584955,12.049403,8.0
1556933171000,78.9991666388,127.3430264,36.3584028,11.061837,8.0
1556933172000,79.061962901,127.3429952,36.3583234,9.705414,8.0
1556933173000,79.1667917915,127.3429659,36.3582579,8.473565,8.0
1556933174000,79.3807431149,127.3429313,36.3582027,6.933932,8.0
1556933176000,79.4164201013,127.3429178,36.358148,3.4823737,5.292
1556933189000,79.3867341414,127.3428875,36.3580925,3.2447655,4.583
1556933191000,79.3349170976,127.3428742,36.3580236,3.907029,6.08
1556933192000,78.9597622264,127.3428447,36.3579299,4.2875986,12.0
1556933194000,78.2346336163,127.3428424,36.3578385,5.8244915,12.0
1556933195000,77.9525811086,127.3428405,36.3577796,5.7606716,12.0
1556933196000,77.867053982,127.3428277,36.3577068,7.448587,8.0
1556933197000,77.882573434,127.3427882,36.3576172,8.927719,8.0
1556933198000,77.9554822718,127.3427464,36.3575153,10.36854,8.0
1556933199000,78.1642805473,127.3426997,36.3573987,11.243187,12.0
1556933200000,78.4062379075,127.3426487,36.3572828,11.845434,12.0
1556933201000,78.6813086731,127.3426023,36.3571662,12.468461,12.0
1556933202000,78.9246102103,127.3425512,36.3570469,13.2396755,12.0
1556933204000,79.2475335621,127.3424508,36.3568139,13.058931,6.0
1556933205000,79.3234381837,127.342408,36.3566918,12.59849,8.0
1556933206000,79.315108786,127.3423555,36.356583,12.348572,12.0
1556933207000,79.246708928,127.3423079,36.3564702,12.116554,8.0
1556933208000,79.1936374435,127.3422626,36.3563564,11.642061,8.0
1556933209000,79.0543046531,127.3421991,36.3562485,11.220171,8.0
1556933210000,78.873444745,127.3421464,36.3561469,10.78113,8.0
1556933211000,78.7627786949,127.3421102,36.3560464,10.048204,12.0
1556933212000,78.8931954276,127.3420778,36.3559545,8.897638,8.0
1556933213000,79.115235934,127.3420732,36.3558794,7.3544946,8.0
1556933214000,79.1375038651,127.3420676,36.3558275,5.9193587,8.0
1556933216000,79.2001814159,127.3420669,36.3557511,4.319442,6.0
1556933219000,79.3291214126,127.3420666,36.3557018,2.7986302,4.907
1556933239000,79.4202492293,127.3420399,36.3556576,0.0,4.971
1556933316000,79.8498421891,127.3419839,36.3556269,2.263523,5.839
1556933318000,79.5776635357,127.3419347,36.3555294,4.3706927,8.0
1556933319000,79.4143490468,127.3419325,36.3554829,4.9503345,8.0
1556933320000,79.2284191493,127.3419268,36.3554309,5.2937407,8.0
1556933321000,79.0154181139,127.3419191,36.3553735,6.127972,8.0
1556933322000,78.7940325194,127.3419106,36.3553058,6.5012465,8.0
1556933323000,78.5921187071,127.3419029,36.3552378,6.7027607,6.0
1556933324000,78.4329934837,127.3418938,36.3551737,6.8566327,6.0
1556933325000,78.2852574425,127.3418791,36.3551029,6.883137,6.0
1556933326000,78.1339765584,127.3418604,36.3550415,6.3790693,8.0
1556933327000,78.1191337167,127.3418402,36.3549945,5.2585807,8.0
1556933328000,78.1049099123,127.3418049,36.3549417,4.235295,8.0
1556933340000,78.0466111302,127.3417644,36.3548922,0.0,3.984
1556933345000,77.8015467132,127.3417303,36.354838,1.7064128,4.386
1556933347000,77.2603901626,127.3416912,36.3547823,3.9587865,4.997
1556933348000,76.8933895093,127.3416451,36.354695,4.546982,6.0
1556933349000,76.6184092744,127.3416229,36.3546483,4.6765375,6.0
1556933350000,76.40634296,127.3416033,36.3545987,5.4156156,6.0
1556933351000,76.244462424,127.3415842,36.3545412,5.9755673,6.0
1556933352000,76.1109974336,127.3415677,36.3544741,7.084902,6.0
1556933353000,76.0027345531,127.3415467,36.3543972,7.567638,6.0
1556933354000,75.9135675508,127.3415306,36.3543269,7.649666,6.0
1556933355000,75.8638356223,127.3415044,36.3542497,7.475706,6.0
1556933356000,75.8535120154,127.3414792,36.3541784,7.327346,6.0
1556933357000,75.8404705441,127.3414552,36.3541144,6.206777,6.0
1556933359000,75.8473957482,127.3414307,36.3540556,3.927319,7.004
1556933361000,75.8517216816,127.341404,36.3540153,2.726968,5.056
1556933364000,75.9245195934,127.3412728,36.3539748,4.2047563,6.0
1556933365000,75.9490760961,127.3412011,36.3539997,6.3609076,6.0
1556933366000,75.9514316963,127.3411093,36.3540451,7.4960866,6.0
1556933367000,75.9471151715,127.341014,36.3540878,8.263045,6.0
1556933368000,75.9221598518,127.3409085,36.3541271,8.72837,8.0
1556933369000,75.8712864455,127.3407912,36.3541617,10.025845,8.0
1556933370000,75.8306274475,127.3406522,36.3541954,10.393846,8.0
1556933371000,75.8769185522,127.3405021,36.3542234,10.732971,8.0
1556933372000,75.9796188258,127.3403608,36.3542546,10.359962,8.0
1556933373000,76.1285003428,127.3402374,36.3542826,9.880352,12.0
1556933374000,76.2749819105,127.3401294,36.3543048,8.628175,6.0
1556933375000,76.3643101089,127.3400499,36.35432,6.9812884,8.0
1556933376000,76.3660492538,127.3399935,36.3543264,5.1486735,8.0
1556933386000,76.1595001544,127.3399191,36.3543233,1.8083974,5.697
1556933388000,75.4367087222,127.3398158,36.3543272,3.677808,6.169
1556933389000,75.3848068498,127.3397426,36.3543322,3.8665798,5.438
1556933391000,75.2867081242,127.3396627,36.3543383,3.5151577,6.136
1556933393000,75.2352671047,127.3396025,36.35435,2.144049,5.887
1556933410999,76.2557097661,127.3395688,36.3543863,2.1935065,5.538
1556933412999,81.7813139355,127.3394887,36.3544555,4.3308125,8.0
1556933413999,83.9950327782,127.3394307,36.3544731,4.566993,8.0
1556933415999,86.162615408,127.3393504,36.3545001,4.1457396,8.0
1556933417999,87.8781494968,127.3392762,36.3545446,4.198036,8.0
1556933419999,90.0355384186,127.339182,36.3545847,4.241507,3.9
1556933420999,90.8216970219,127.3391238,36.3545981,4.284517,3.9
1556933421999,91.4688347036,127.3390563,36.3546137,4.309265,4.0
1556933422999,91.5229030527,127.3389893,36.3546249,4.302021,4.0
1556933423999,91.5801738083,127.3389274,36.3546374,4.2638736,6.0
1556933425999,91.6913785634,127.3388379,36.354653,4.008385,6.0
1556933428999,91.8496303837,127.3387773,36.3546654,3.5337832,5.01
1556933437999,92.2178145722,127.338719,36.3546776,1.0932033,3.953
1556933441999,92.3054116892,127.3386331,36.3547041,3.2396326,4.822
1556933443999,92.3335497521,127.3385503,36.3547134,3.4693916,4.995
1556933445999,92.3542267814,127.3384761,36.3547207,3.459606,5.029
1556933447999,92.3709052464,127.3383986,36.3547392,3.3345158,4.98
1556933449999,92.380605913,127.3383205,36.3547588,3.2536712,4.965
1556933451999,92.3801750575,127.3382564,36.3547756,3.1369596,4.842
1556933454999,92.3683316753,127.3381983,36.3547919,2.650436,4.752
1556933457999,92.3451416859,127.3381375,36.354807,2.460734,4.663
1556933459999,92.3218322363,127.3380783,36.354817,2.546524,4.664
1556933461999,92.0619790752,127.3379815,36.3548347,2.8910925,4.77
1556933462999,91.9529028568,127.3379175,36.3548451,3.1186705,4.845
1556933463999,91.865399786,127.3378557,36.3548533,3.3090785,4.922
1556933464999,91.8575733898,127.3377953,36.3548601,3.427245,4.991
1556933465999,91.7745456977,127.3377395,36.3548675,3.5553913,5.019
1556933467999,91.6983557854,127.3376379,36.3548831,3.6394463,5.197
1556933469999,91.6844510513,127.3375703,36.3548925,3.4965222,5.014
1556933472999,91.655691378,127.3375107,36.3549058,2.9342442,4.868
1556933493999,91.4181457367,127.3374573,36.3549436,1.2856109,3.0
1556933496999,91.3349930234,127.3373869,36.3549608,1.4218417,3.651
1556933498999,91.2850758017,127.3373329,36.3549741,1.5001693,4.001
1556933500999,91.240878117,127.3372695,36.3549873,1.5720888,4.157
1556933502999,91.1979759449,127.337204,36.3550039,1.6167184,4.225
1556933504999,91.1591282188,127.3371425,36.3550199,1.7239859,4.276
1556933506999,91.1238467195,127.3370682,36.3550442,1.9490334,4.441
1556933508999,91.0922167444,127.33699,36.3550669,2.2141542,4.474
1556933510999,91.060508391,127.3369092,36.3550776,2.4307494,4.512
1556933512999,91.0304185775,127.3368313,36.3550959,2.6011872,4.66
1556933514999,91.0009605608,127.3367536,36.35512,2.690416,4.657
1556933516999,90.9709785073,127.3366912,36.3551537,2.7728705,4.601
1556933518999,90.9412181779,127.3366083,36.3551839,2.8390782,4.672
1556933520999,90.9147538827,127.3365177,36.3552086,2.9491463,4.486
1556933522999,90.887239552,127.3364083,36.355227,3.0615165,4.758
1556933523999,90.8742885515,127.336344,36.3552383,3.0740106,4.827
1556933525999,90.8492722793,127.3362449,36.3552603,3.0191488,4.871
1556933527999,90.8248538201,127.3361846,36.3552712,2.8029892,4.81
1556933531999,90.7810293232,127.3361254,36.3552804,1.4209481,4.423
1556933536999,90.7384577516,127.3360619,36.3552997,0.86173314,3.986
1556933540999,90.7076458107,127.336006,36.3553133,0.26163357,3.804
1556933552999,90.6520964664,127.3359489,36.3553136,0.024959529,3.709
1556933565999,90.6975805253,127.335873,36.3553246,2.5077376,4.549
1556933567999,90.7029488236,127.3358071,36.3553347,2.3762627,4.601
1556933571999,90.7066125361,127.3357491,36.3553452,0.944578,4.111
1556933576999,90.7119069223,127.3356939,36.3553624,0.659909,3.919
1556933581999,90.7125775126,127.3356295,36.3553823,1.7501645,4.093
1556933583999,90.6900042128,127.33554,36.3554057,2.9632988,4.39
1556933584999,90.6743091102,127.335478,36.3554186,3.3815548,4.777
1556933585999,90.657733306,127.3354167,36.3554337,3.708453,5.004
1556933586999,90.6505351713,127.3353538,36.3554499,3.9519815,5.127
1556933587999,90.6627532496,127.3352177,36.3554817,4.222673,6.0
1556933588999,90.6822433886,127.3351437,36.3555012,4.4635296,6.0
1556933589999,90.7004961567,127.3350698,36.3555181,4.625125,6.0
1556933590999,90.7215011657,127.3350008,36.3555422,4.727351,6.0
1556933591999,90.7419847526,127.3349414,36.3555596,4.8186865,6.0
1556933592999,90.756758296,127.3348837,36.3555775,4.8473997,6.0
1556933593999,90.7575058945,127.3348306,36.3555957,4.7995124,6.0
1556933595999,90.7585643554,127.3347701,36.3556078,4.3250403,8.0
1556933603999,90.7563588475,127.3347163,36.3556238,0.451793,5.095
1556933629999,90.8161270451,127.334749,36.3555799,0.3668553,3.139
1556933632999,90.7980041635,127.3348043,36.3555712,0.72763973,4.035
1556933634999,90.7818759207,127.3348767,36.3555601,0.76338184,4.341
1556933636999,90.766422191,127.3349414,36.3555469,0.7824273,4.334
1556933639999,90.7423900122,127.3350129,36.3555265,0.8315711,4.278
1556933642999,90.7211191469,127.3350719,36.3555066,0.8507928,4.205
1556933645999,90.7001382232,127.3351296,36.355487,0.9006389,3.059
1556933649999,90.6705399897,127.3351838,36.3554753,0.88258934,3.0
1556933654999,90.6344666591,127.3352426,36.3554601,0.85771674,3.0
1556933658999,90.6171394971,127.335317,36.3554468,1.0744542,3.0
1556933661999,90.6104861616,127.3353843,36.3554207,1.1057398,3.384
1556933665999,90.6034971003,127.3354353,36.3553886,1.1541955,3.0
1556933669999,90.6010231012,127.3354889,36.3553612,1.0833702,3.0
1556933675999,90.6378752872,127.3355441,36.355325,0.9504294,3.0
1556933678999,90.6685423883,127.3356063,36.3553131,0.9484761,3.563
1556933680999,90.6893884335,127.3357104,36.355331,1.0088247,4.106
1556933682999,90.7128045666,127.3358025,36.3553575,1.1026974,4.275
1556933684999,90.737655147,127.3358604,36.3553819,1.1272242,4.565
1556933687999,90.7714743459,127.3359165,36.3554146,1.1092912,3.11
1556933691999,90.7976764177,127.3359559,36.3554515,1.0825427,3.255
1556933697999,90.7347889804,127.3359868,36.3554919,0.5236732,3.0
1556933804329,90.5771840305,127.3359872,36.3555165,0.041450456,3.0
1556933854550,75.5999984741,127.3359737,36.3556091,0.0,10.907
1556934968311,82.0406952765,127.3359771,36.3555508,1.0321507,11.421
1556935019108,80.0346545748,127.3358964,36.3553795,0.0,3.691
1556935193195,75.5,127.3358041,36.3554138,0.0,17.185
1556935265549,75.5999984741,127.3359677,36.355496,0.0,16.454
1556935317000,74.3177384937,127.3359674,36.3553855,0.0,3.738
1556935368000,96.2521002048,127.3359673,36.355483,0.0,5.408
1556935481320,75.3000030518,127.3359582,36.3554286,0.0,16.813
1556935533000,97.488904365,127.3360652,36.3553603,0.0,4.196
1556935853072,0.0,127.3314577,36.357458,0.0,1299.999
1556935884266,0.0,127.3314577,36.357458,0.0,1299.999
1556935895603,79.8000030518,127.327889,36.3593125,0.0,30.842
1556935898478,79.5999984741,127.3279205,36.3591375,0.0,19.963
1556935901545,135.253627119,127.3268983,36.3594373,11.493214,96.0
1556935903545,109.699131349,127.3268961,36.3594889,11.260332,96.0
1556935904557,101.7750241,127.326814,36.3595196,11.035943,96.0
1556935905565,99.5650609555,127.326723,36.3595308,10.870926,96.0
1556935906534,109.187266627,127.3265481,36.3596524,10.270928,48.0
1556935909574,94.1322525213,127.3264917,36.359881,9.258453,16.0
1556935910574,92.1787564541,127.3264553,36.3599206,9.1188135,48.0
1556935911574,95.3561661112,127.3265034,36.3599564,8.064259,24.0
1556935912564,92.7130684124,127.3265761,36.3599742,7.119388,12.0
1556935914564,94.5447950911,127.3265278,36.3600893,6.610446,48.0
1556935915570,99.4897546608,127.3265838,36.3602007,9.042388,8.0
1556935917570,107.344702128,127.3266429,36.3602648,2.648788,9.123
1556935918999,104.700703822,127.3268206,36.3605497,8.904845,16.0
1556935919999,100.301799685,127.3268795,36.3606586,11.003504,12.0
1556935920999,98.2792989985,127.3269173,36.3607744,12.084444,12.0
1556935921999,96.4945884879,127.3269459,36.3608896,12.14788,12.0
1556935922999,95.4241784076,127.3269674,36.3609795,11.778154,12.0
1556935923999,94.1357551024,127.3269912,36.361066,11.748209,12.0
1556935924999,94.0604740926,127.327013,36.3611711,12.312259,12.0
1556935925999,94.0046408213,127.3270445,36.3612845,12.449464,8.0
1556935926999,94.2266504133,127.3270827,36.3613997,12.574888,8.0
1556935927999,95.134977411,127.3271187,36.3615168,12.679317,8.0
1556935928999,95.3814381499,127.3271544,36.3616379,12.429576,8.0
1556935929999,95.3407921104,127.3271787,36.3617494,12.667371,6.0
1556935930999,95.091994751,127.3272009,36.3618672,12.9938755,6.0
1556935931999,94.2804725252,127.3272208,36.3619899,13.304816,6.0
1556935932999,96.6685309819,127.3272472,36.3621309,13.516153,8.0
1556935933999,96.2321602946,127.3272725,36.3622544,13.408082,8.0
1556935934999,97.0124689184,127.3272906,36.3623691,12.850209,6.0
1556935935999,97.8147222766,127.3273,36.3624743,12.002648,6.0
1556935936999,98.4008810852,127.3273013,36.3625659,10.94945,6.0
1556935937999,99.0343236534,127.3272951,36.3626434,9.866604,6.0
1556935938999,99.9201438588,127.3272874,36.3627171,9.058418,8.0
1556935939999,100.795619771,127.3272813,36.3627879,8.427327,6.0
1556935940999,101.363242732,127.3272737,36.3628559,7.831619,6.0
1556935941999,102.865271123,127.3272668,36.3629137,7.425371,6.0
1556935942999,103.935573039,127.3272585,36.3629704,7.040071,12.0
1556935943999,104.616406631,127.3272605,36.3630287,6.897635,12.0
1556935944999,104.720180497,127.3272647,36.3630857,6.6703157,12.0
1556935945999,104.806700207,127.3272658,36.3631425,6.429144,8.0
1556935946999,105.177485947,127.3272771,36.3631889,6.153408,8.0
1556935948999,105.683579343,127.327295,36.3632496,4.5863705,8.0
1556935987999,105.212084433,127.3272827,36.3633013,1.8526444,4.491
1556935989999,105.013920743,127.3272775,36.36335,2.3354409,5.339
1556935991999,104.82510617,127.3272701,36.3634408,3.2359335,5.235
1556935993999,104.663729504,127.3272596,36.3635201,3.3242054,4.954
1556935995999,104.489866104,127.3272494,36.3635946,3.353278,4.997
1556935997999,104.305992312,127.3272467,36.3636643,3.1738133,4.943
1556935999999,104.109266047,127.3272464,36.3637168,3.007602,4.86
1556936001999,103.908794904,127.3272445,36.3637651,2.9286718,4.832
1556936003999,103.698934157,127.3272444,36.3638241,2.9349144,4.832
1556936005999,103.496150556,127.3272439,36.3638864,3.0476606,4.871
1556936007999,103.287231546,127.3272472,36.3639451,3.1646738,5.525
1556936009999,101.443701513,127.3272599,36.3640175,3.3524349,6.061
1556936011999,100.282224929,127.3272974,36.3640957,3.562937,6.245
1556936013999,99.5649959532,127.3273613,36.3641559,3.7067893,6.335
1556936015999,99.2898426223,127.3274528,36.3641886,3.814561,6.384
1556936016999,99.1232799141,127.3275101,36.3642029,3.8687913,6.434
1556936017999,99.1071256102,127.3275666,36.3642116,3.8834517,6.415
1556936019999,99.0716960477,127.327652,36.3642201,3.7889981,6.397
1556936021999,99.0360725747,127.3277207,36.3642267,3.6172762,6.344
1556936024999,98.9785303293,127.3278027,36.3642378,3.2884026,6.235
1556936027999,98.9143693774,127.3278763,36.3642494,2.9640276,6.105
1556936031999,98.8290725684,127.3279435,36.3642632,2.412559,5.859
1556936035999,98.7565269145,127.3280246,36.364272,2.2596784,5.729
1556936037999,98.7247769332,127.3280813,36.3642744,2.3351269,5.761
1556936039999,98.6890560912,127.3281374,36.364275,2.3606107,5.775
1556936041999,98.6474707307,127.3282051,36.3642795,2.3820832,5.777
1556936043999,98.5992495846,127.3282734,36.364282,2.4182036,5.802
1556936045999,98.5482559633,127.3283464,36.3642835,2.421798,5.805
1556936048999,98.4682700935,127.3284143,36.3642863,2.2291176,5.747
1556936052999,98.3643478674,127.3284848,36.3642916,2.0577526,5.654
1556936055999,98.2847276978,127.3285501,36.3642929,1.9609234,5.611
1556936058999,98.2073607197,127.3286245,36.3642812,1.9675211,5.588
1556936061999,98.1305232969,127.3286994,36.3642672,2.0393739,5.609
1556936064999,98.0465421527,127.3287715,36.3642578,2.0328746,5.622
1556936067999,97.9596724755,127.3288285,36.3642518,1.8292773,5.568
1556936072999,97.7749411923,127.3288946,36.3642416,1.5145537,4.548
1556936075999,97.6576811639,127.3289594,36.3642398,1.7778854,4.338
1556936077999,97.5854962034,127.329038,36.3642383,2.0817254,4.421
1556936079999,97.2068169989,127.3291332,36.3642379,2.5155463,4.586
1556936080999,96.9215979497,127.3291927,36.3642411,2.8131526,4.709
1556936081999,96.6933710331,127.3292629,36.3642468,3.1286438,4.822
1556936082999,96.487572668,127.3293528,36.3642519,3.501407,4.964
1556936083999,96.3042262366,127.3294522,36.3642541,3.9052246,5.11
1556936084999,96.1273281083,127.3296512,36.3642577,4.344964,6.0
1556936085999,95.9363148644,127.3297675,36.3642534,7.014874,8.0
1556936086999,95.7703909195,127.3299042,36.3642494,8.698131,8.0
1556936087999,95.6024834578,127.3300305,36.3642451,9.631773,8.0
1556936088999,95.4350356072,127.3301623,36.3642421,10.219374,8.0
1556936089999,95.2797333582,127.3302925,36.3642407,10.541265,8.0
1556936090999,95.1305293123,127.3304206,36.3642361,10.75193,8.0
1556936091999,94.9495598498,127.3305435,36.3642301,11.062072,8.0
1556936092999,94.7560911815,127.3306874,36.3642191,11.247487,6.0
1556936093999,94.6096305777,127.3308292,36.3642101,11.364341,6.0
1556936094999,94.4793929484,127.3309602,36.3641996,11.350264,6.0
1556936095999,94.3695837129,127.3310913,36.3641917,11.419623,6.0
1556936096999,94.2882488954,127.3312206,36.3641855,11.513718,6.0
1556936097999,94.275403649,127.3313712,36.3641759,11.65889,6.0
1556936098999,94.35701255,127.3315147,36.3641669,11.6613455,8.0
1556936099999,94.4429456745,127.3316517,36.3641608,11.697953,8.0
1556936100999,94.4829659836,127.3317771,36.3641545,11.591552,8.0
1556936101999,94.5310390049,127.3319036,36.3641412,11.436939,12.0
1556936102999,94.6425094608,127.3320296,36.3641144,11.278145,8.0
1556936103999,94.7813289741,127.3321567,36.3640777,11.04542,12.0
1556936104999,94.9499835958,127.332277,36.3640363,10.603246,12.0
1556936105999,95.2200537091,127.3323699,36.3639777,10.209128,12.0
1556936106999,95.4549174874,127.3324508,36.3639173,9.946904,12.0
1556936107999,95.6675007276,127.3325337,36.3638503,9.625671,12.0
1556936108999,95.8572693848,127.33259,36.3637658,9.399579,12.0
1556936109999,95.9950887706,127.3325977,36.3636818,9.372658,12.0
1556936110999,96.0927119463,127.3325932,36.363597,9.386881,12.0
1556936111999,96.1701829386,127.3325791,36.3635133,9.527927,16.0
1556936112999,96.2313235002,127.332564,36.3634258,9.450886,16.0
1556936113999,96.280557542,127.3325362,36.3633317,9.420624,16.0
1556936114999,96.3035296533,127.3325103,36.3632457,9.196168,16.0
1556936115999,96.3147100687,127.3324328,36.3631732,9.630962,12.0
1556936116999,96.278251189,127.3323128,36.3631387,9.579796,16.0
1556936117999,96.1834338664,127.3321925,36.3631187,9.439719,24.0
1556936118999,96.0599273117,127.3320791,36.3631166,9.118525,24.0
1556936119999,95.8705883894,127.3319773,36.3631384,8.892489,16.0
1556936120999,95.6201759571,127.3318877,36.3631706,9.031893,16.0
1556936121999,95.2995170828,127.3317725,36.3632325,9.3832445,24.0
1556936122999,94.9225305224,127.3316662,36.3633025,9.762587,16.0
1556936123999,94.4909241794,127.3315807,36.3634011,10.289197,16.0
1556936124999,94.0231591762,127.3315101,36.3635097,10.972001,12.0
1556936125999,93.5159637986,127.3314627,36.3636257,11.599184,12.0
1556936126999,93.037302238,127.3314379,36.36375,11.941591,12.0
1556936127999,92.6168492924,127.3314094,36.3638829,12.684586,8.0
1556936128999,92.2255698954,127.3313853,36.3640152,13.262281,8.0
1556936129999,91.908212102,127.3313687,36.3641485,13.885805,8.0
1556936130999,91.6657242882,127.3313567,36.3642927,14.769047,8.0
1556936131999,91.4859307677,127.3313456,36.3644482,15.908186,8.0
1556936132999,91.3483380853,127.3313393,36.3646142,17.15427,8.0
1556936133999,91.2384983935,127.3313368,36.3647953,17.889633,12.0
1556936134999,91.1808352101,127.3313277,36.3649857,18.741184,12.0
1556936135999,91.169002512,127.3313223,36.3651694,18.663538,12.0
1556936136999,91.1672778809,127.3313261,36.365338,18.490326,8.0
1556936137999,91.1793813917,127.3313277,36.3655069,18.542524,8.0
1556936138999,91.1748692001,127.3313288,36.3656789,18.687883,6.0
1556936139999,91.1598301676,127.3313289,36.3658457,18.668165,6.0
1556936140999,91.1621892297,127.3313261,36.366019,18.785051,6.0
1556936141999,91.1909871861,127.3313251,36.3661997,19.326036,6.0
1556936142999,91.2353478251,127.331323,36.3663782,19.09902,8.0
1556936143999,91.2895860321,127.3313206,36.3665556,18.989412,6.0
1556936144999,91.3579383147,127.3313191,36.3667336,18.938713,6.0
1556936145999,91.4519429093,127.3313221,36.3669076,18.798002,6.0
1556936146999,91.5388558326,127.3313255,36.3670807,18.748304,6.0
1556936147999,91.6277281966,127.3313243,36.3672529,18.662006,6.0
1556936148999,91.7181921967,127.3313242,36.3674216,18.781542,6.0
1556936149999,91.8134788379,127.3313274,36.3675894,18.854733,6.0
1556936150999,91.9155898459,127.3313317,36.3677622,19.215176,6.0
1556936151999,92.0702049541,127.3313383,36.3679455,18.96672,6.0
1556936152999,92.2276967816,127.3313401,36.3681199,19.079634,6.0
1556936153999,92.4022754571,127.3313412,36.3682926,18.770882,6.0
1556936154999,92.5882288111,127.3313418,36.3684693,19.554115,6.0
1556936155999,92.7860315023,127.3313466,36.3686566,20.188944,8.0
1556936156999,92.7856189385,127.3313533,36.3688368,19.977327,8.0
1556936157999,92.8214893442,127.3313607,36.3690228,19.927746,8.0
1556936158999,92.8618250847,127.331372,36.369227,20.281507,8.0
1556936159999,92.9261938713,127.3313856,36.3694362,21.097498,6.0
1556936160999,93.0231886869,127.3314069,36.3696504,21.874823,6.0
1556936161999,93.1776522292,127.3314269,36.3698656,22.194916,6.0
1556936162999,93.4330180265,127.3314389,36.3700733,22.46999,6.0
1556936163999,93.7081325448,127.3314493,36.3702925,22.47838,8.0
1556936164999,93.920075111,127.3314625,36.370502,22.324337,8.0
1556936165999,94.1330175974,127.3314837,36.3707178,22.86006,8.0
1556936166999,94.3365516269,127.3315082,36.3709336,22.884586,8.0
1556936167999,94.5616169748,127.3315327,36.3711461,22.908798,8.0
1556936168999,94.8107175602,127.3315604,36.3713571,22.773777,8.0
1556936169999,95.0779949594,127.3315973,36.3715662,22.689337,8.0
1556936170999,95.3112881117,127.331632,36.3717741,22.212696,8.0
1556936171999,95.5207272195,127.3316733,36.3719787,22.686712,6.0
1556936172999,95.7083703901,127.3317234,36.3721733,22.560366,6.0
1556936173999,95.8894477282,127.3317846,36.3723788,22.743988,6.0
1556936174999,96.0505493726,127.3318465,36.3725838,22.083624,6.0
1556936175999,96.1788388039,127.3319197,36.3727874,21.83001,6.0
1556936176999,96.2798841878,127.3319912,36.3729813,21.485508,8.0
1556936177999,96.4241683218,127.3320581,36.3731716,21.906574,8.0
1556936178999,96.6010213062,127.3321292,36.373361,22.045387,8.0
1556936179999,96.8453010024,127.3322087,36.3735526,22.343369,12.0
1556936180999,97.1386597911,127.3322884,36.373729,22.599518,12.0
1556936181999,97.5799204539,127.3323735,36.3739034,22.490705,12.0
1556936182999,98.0656405984,127.3324568,36.3740727,22.503925,12.0
1556936183999,98.467705567,127.3325443,36.3742515,22.421274,12.0
1556936184999,98.9497959591,127.3326309,36.3744314,22.35692,8.0
1556936185999,99.4444686067,127.3327145,36.3746107,22.559404,8.0
1556936186999,99.9336773799,127.3327979,36.3747895,22.490683,8.0
1556936187999,100.405592434,127.3328797,36.37497,22.723497,6.0
1556936188999,100.825749938,127.3329619,36.3751509,22.097155,6.0
1556936189999,101.202403324,127.3330476,36.3753314,21.578701,8.0
1556936190999,101.527400951,127.3331329,36.3755113,21.979868,8.0
1556936191999,101.788857616,127.3332215,36.3756944,22.058594,8.0
1556936192999,101.921869357,127.3333139,36.3758825,21.896343,8.0
1556936193999,102.086231243,127.3334066,36.3760737,22.415735,8.0
1556936194999,102.217505207,127.3334906,36.3762622,22.122528,6.0
1556936195999,102.360381481,127.3335738,36.3764476,21.88536,6.0
1556936196999,102.499957809,127.3336547,36.3766301,22.381409,6.0
1556936197999,102.634808037,127.3337376,36.3768159,22.599428,6.0
1556936198999,102.723031704,127.333822,36.3770077,22.883013,6.0
1556936199999,102.782728553,127.3339115,36.3772023,22.769083,6.0
1556936200999,102.416405806,127.3340001,36.3773881,23.332258,6.0
1556936201999,102.086982222,127.334089,36.3775769,22.703907,6.0
1556936202999,101.818840692,127.334171,36.3777608,22.565712,6.0
1556936203999,101.597325213,127.334255,36.3779532,22.986036,6.0
1556936204999,101.417676421,127.3343419,36.3781515,23.342876,6.0
1556936205999,101.223422786,127.3344314,36.3783516,23.440275,6.0
1556936206999,100.961237702,127.3345218,36.3785507,23.385012,4.0
1556936207999,100.758659832,127.3346096,36.3787468,23.50209,4.0
1556936208999,100.594251159,127.3346978,36.3789457,23.471674,4.0
1556936209999,100.53672465,127.3347887,36.3791462,23.557579,4.0
1556936210999,100.485251998,127.334879,36.3793494,23.721035,6.0
1556936211999,100.715589181,127.3349709,36.3795542,23.750237,6.0
1556936212999,101.007533295,127.3350616,36.3797559,23.575602,4.0
1556936213999,101.363045785,127.3351498,36.3799546,23.371769,4.0
1556936214999,101.675386179,127.3352313,36.3801398,23.134676,4.0
1556936215999,101.986559429,127.3353113,36.380321,22.465462,6.0
1556936216999,102.27839381,127.335392,36.3804969,22.150917,6.0
1556936217999,102.651986693,127.3354704,36.3806676,21.280107,6.0
1556936218999,102.980599784,127.3355478,36.3808333,21.071114,6.0
1556936219999,103.316442949,127.3356261,36.381,20.527689,6.0
1556936220999,103.642239053,127.3357035,36.3811634,20.169144,4.0
1556936221999,103.979483301,127.335781,36.3813243,20.128992,4.0
1556936222999,104.239231002,127.3358573,36.381484,19.984774,4.0
1556936223999,104.433810057,127.3359358,36.381646,19.924736,6.0
1556936224999,104.562549827,127.3360173,36.3818082,19.742065,6.0
1556936225999,104.691207311,127.3360981,36.3819703,18.98135,6.0
1556936226999,104.812233854,127.3361788,36.3821309,18.967005,6.0
1556936227999,104.901945317,127.3362597,36.3822925,18.548525,8.0
1556936228999,104.97581208,127.3363405,36.3824525,18.653473,6.0
1556936229999,105.015748394,127.3364251,36.3826121,19.44625,6.0
1556936230999,105.032000829,127.3365109,36.3827724,19.135874,6.0
1556936231999,105.050626314,127.3365891,36.3829329,18.51795,6.0
1556936232999,105.028728211,127.3366656,36.3830913,18.79705,8.0
1556936233999,104.981189492,127.3367494,36.3832541,18.899588,8.0
1556936234999,104.926575615,127.3368325,36.3834174,18.825592,8.0
1556936235999,104.849902723,127.3369119,36.3835822,18.934647,8.0
1556936236999,104.761126733,127.3369913,36.3837444,18.82404,6.0
1556936237999,104.579508137,127.3370733,36.383909,19.755272,6.0
1556936238999,104.324692042,127.3371627,36.3840724,20.44147,6.0
1556936239999,104.097729723,127.3372586,36.3842455,20.513502,8.0
1556936240999,103.882294268,127.3373598,36.3844232,20.59505,8.0
1556936241999,103.705101409,127.3374552,36.384593,21.050207,8.0
1556936242999,103.526244919,127.3375499,36.3847549,20.85863,6.0
1556936243999,103.32410506,127.3376466,36.3849242,21.28897,6.0
1556936244999,103.189232881,127.3377513,36.3851041,21.966326,8.0
1556936245999,102.947648512,127.3378542,36.3852816,21.852982,8.0
1556936246999,102.702883172,127.3379573,36.385463,22.048592,8.0
1556936247999,102.502081362,127.3380627,36.3856448,22.17631,4.0
1556936248999,102.344215377,127.338169,36.3858304,22.31976,4.0
1556936250999,102.087881029,127.3383837,36.3862035,22.748167,6.0
1556936251999,101.968374586,127.338493,36.3863976,22.905718,6.0
1556936252999,101.744488206,127.3385997,36.3865882,22.667292,6.0
1556936253999,101.554930286,127.338709,36.3867781,22.732845,6.0
1556936254999,101.429065858,127.3388239,36.3869766,23.337475,6.0
1556936255999,101.332591268,127.3389418,36.387184,24.094513,6.0
1556936256999,101.257117608,127.3390574,36.3873899,24.090427,6.0
1556936257999,101.207069987,127.3391688,36.3875902,24.179796,6.0
1556936258999,101.188083553,127.3392815,36.3877918,24.28698,6.0
1556936259999,101.192886033,127.3393968,36.3879964,24.670809,4.0
1556936260999,101.185647455,127.3395105,36.3881983,24.777924,4.0
1556936261999,101.126558755,127.3396285,36.3884052,24.981405,4.0
1556936262999,101.042011943,127.3397482,36.3886138,24.9034,4.0
1556936263999,100.951375949,127.339867,36.3888208,25.155775,4.0
1556936264999,100.790464384,127.3399844,36.3890262,24.314663,6.0
1556936265999,100.621949249,127.3401024,36.3892304,24.685707,4.0
1556936266999,100.471070637,127.3402214,36.3894387,24.818497,4.0
1556936267999,100.355190221,127.3403385,36.3896474,24.730057,4.0
1556936268999,100.236798028,127.3404575,36.3898579,25.367805,4.0
1556936269999,100.10114661,127.3405805,36.3900707,25.276274,6.0
1556936270999,99.9768931702,127.3407047,36.3902824,25.550356,6.0
1556936271999,99.8824167805,127.3408333,36.3904983,25.776876,6.0
1556936272999,99.7792308416,127.3409667,36.3907147,25.729555,6.0
1556936273999,99.7046677237,127.3411019,36.3909271,25.719612,6.0
1556936274999,99.663470613,127.3412375,36.3911367,25.54357,6.0
1556936275999,99.6320293503,127.3413745,36.3913402,25.697624,6.0
1556936276999,99.6071032491,127.3415225,36.3915374,25.723042,6.0
1556936277999,99.5700437021,127.3416748,36.3917319,25.989801,8.0
1556936278999,99.556817616,127.3418419,36.3919291,26.163754,8.0
1556936279999,99.5844167727,127.3420113,36.3921182,26.16488,6.0
1556936280999,99.6538942648,127.342184,36.3923083,26.14262,6.0
1556936281999,99.763426304,127.3423541,36.3924951,25.649391,6.0
1556936282999,99.9275494288,127.3425247,36.3926766,25.39909,8.0
1556936283999,100.068041253,127.3426989,36.3928526,25.534876,8.0
1556936284999,100.248729697,127.3428752,36.3930317,25.472141,8.0
1556936285999,100.489205437,127.3430662,36.3932082,25.415482,8.0
1556936286999,100.741689666,127.3432651,36.3933791,25.595549,6.0
1556936287999,100.966994281,127.3434708,36.3935446,25.246748,6.0
1556936288999,101.188408868,127.3436818,36.393701,25.391851,6.0
1556936289999,101.395370194,127.3438917,36.3938603,25.749369,6.0
1556936290999,101.543093731,127.3441114,36.3940224,25.905396,6.0
1556936291999,101.662311996,127.3443309,36.3941746,25.885738,6.0
1556936292999,101.738062599,127.3445631,36.3943237,26.211342,6.0
1556936293999,101.758256633,127.3447981,36.3944698,26.15212,6.0
1556936294999,101.750024126,127.3450346,36.3946159,26.210295,12.0
1556936295999,101.794358358,127.3452784,36.3947602,26.279858,6.0
1556936296999,101.871791507,127.3455158,36.394901,26.32062,8.0
1556936297999,101.986811719,127.3457546,36.3950414,26.124414,8.0
1556936298999,102.077268905,127.3459987,36.395177,25.689089,8.0
1556936299999,102.270551454,127.3462372,36.3953131,25.724619,6.0
1556936300999,102.378497989,127.3464797,36.3954391,25.750368,6.0
1556936301999,102.451692927,127.3467384,36.3955594,25.971567,8.0
1556936302999,102.460985361,127.3469927,36.3956757,25.641756,8.0
1556936303999,102.429141859,127.3472477,36.3957805,25.624542,8.0
1556936304999,102.299903445,127.3474967,36.3958825,25.83434,8.0
1556936305999,102.135849276,127.347752,36.3959796,25.82824,8.0
1556936306999,101.967724235,127.3480257,36.3960722,26.073488,8.0
1556936307999,101.833870794,127.3483029,36.3961657,26.071028,8.0
1556936308999,101.738407669,127.3485755,36.3962547,25.892872,8.0
1556936309999,101.6386702,127.3488417,36.3963434,25.556753,8.0
1556936310999,101.49977778,127.3491046,36.39643,25.276546,8.0
1556936311999,101.333136346,127.3493645,36.3965195,25.011703,8.0
1556936312999,101.110203945,127.349633,36.396604,25.277946,8.0
1556936313999,100.38242945,127.3498956,36.3966829,25.057085,6.0
1556936314999,99.7171484704,127.3501575,36.3967595,25.31563,8.0
1556936315999,99.0908862386,127.35042,36.3968308,25.425095,6.0
1556936316999,98.4964911242,127.3506847,36.3968998,25.419075,6.0
1556936317999,97.9421599001,127.3509525,36.3969691,26.027775,6.0
1556936318999,97.4744132808,127.351233,36.3970389,26.287046,6.0
1556936319999,97.0667848908,127.3515217,36.3971057,26.809847,6.0
1556936320999,96.6849852638,127.3518156,36.3971714,26.788755,8.0
1556936321999,96.3478911608,127.3521048,36.3972366,26.188597,8.0
1556936322999,96.02565834,127.3523934,36.3973062,26.3318,8.0
1556936323999,95.7069411398,127.3526813,36.3973771,26.563437,8.0
1556936324999,95.4118634803,127.3529738,36.3974484,26.855312,8.0
1556936325999,95.1676291728,127.3532619,36.3975213,26.97285,6.0
1556936326999,94.8972952499,127.3535551,36.3976006,27.214499,6.0
1556936327999,94.6281491004,127.3538521,36.3976854,27.73672,8.0
1556936328999,94.3383435222,127.3541491,36.3977762,27.51978,8.0
1556936329999,94.1042583746,127.354433,36.3978672,27.431362,6.0
1556936330999,93.8584428964,127.3547164,36.3979631,27.419407,6.0
1556936331999,93.6069306993,127.3549963,36.3980588,27.068295,6.0
1556936332999,93.4040878454,127.3552666,36.3981559,26.574377,6.0
1556936333999,93.2163690445,127.3555375,36.3982604,27.57653,8.0
1556936334999,93.0026734975,127.3558084,36.3983832,27.767836,8.0
1556936335999,92.8067349577,127.3560748,36.3985013,27.952074,8.0
1556936336999,92.655046381,127.3563433,36.3986208,28.069155,6.0
1556936337999,92.5367109607,127.3566069,36.3987491,27.928621,6.0
1556936338999,92.4288607904,127.3568703,36.3988747,27.91999,6.0
1556936339999,92.3155846816,127.3571438,36.3990234,27.656797,12.0
1556936340999,92.192053021,127.3573982,36.3991664,27.52133,24.0
1556936341999,92.0952693278,127.3576457,36.3993112,27.612822,12.0
1556936342999,92.0364529644,127.3578923,36.3994651,27.931358,12.0
1556936343999,92.0139238592,127.3581419,36.399628,28.45621,12.0
1556936344999,92.02856227,127.3583933,36.399796,28.46519,16.0
1556936345999,92.0812639951,127.3586372,36.3999686,28.353724,16.0
1556936346999,92.1383823632,127.3588722,36.4001487,27.92606,16.0
1556936347999,92.1517749929,127.3590854,36.4003127,27.921005,12.0
1556936348999,92.1324017247,127.3593022,36.4004773,27.84791,12.0
1556936349999,92.1542262806,127.3595235,36.4006443,28.417269,12.0
1556936350999,91.9709761351,127.3597451,36.4008082,27.549835,12.0
1556936351999,91.7199160484,127.3599738,36.4009812,26.404253,8.0
1556936352999,91.5009118479,127.3601877,36.4011401,26.793083,8.0
1556936353999,91.34124395,127.360425,36.4013193,26.932428,8.0
1556936354999,91.1848297187,127.3606613,36.401494,26.905642,8.0
1556936355999,91.0507499209,127.3608991,36.4016676,27.3223,8.0
1556936356999,90.8565640464,127.3611358,36.4018421,27.29437,8.0
1556936357999,90.7541827552,127.3613713,36.4020164,27.60438,8.0
1556936358999,90.7329825333,127.3616017,36.4021845,27.471027,8.0
1556936359999,90.7117129148,127.3618278,36.4023447,27.1709,6.0
1556936360999,90.6862262671,127.3620527,36.4025039,27.255941,6.0
1556936361999,90.7040156324,127.3622789,36.4026641,26.96407,6.0
1556936362999,90.6761477431,127.3625058,36.4028247,27.225115,6.0
1556936363999,90.6681573093,127.3627349,36.4029878,27.216887,6.0
1556936364999,90.6973017376,127.3629611,36.4031482,26.588554,8.0
1556936365999,90.8136282794,127.3631823,36.4033042,26.510044,6.0
1556936366999,90.9914325039,127.3634094,36.4034649,26.387629,6.0
1556936367999,91.1112263165,127.363636,36.4036214,26.137869,6.0
1556936368999,91.1855695439,127.363858,36.4037761,26.445208,6.0
1556936369999,91.283411998,127.3640811,36.4039252,26.556402,6.0
1556936370999,91.4439881652,127.3643091,36.404073,26.38813,6.0
1556936371999,91.565857651,127.3645366,36.4042243,26.491148,6.0
1556936372999,91.6596189596,127.3647637,36.4043791,26.591312,8.0
1556936373999,91.7691916437,127.3649922,36.404533,26.300262,8.0
1556936374999,91.8862057817,127.3652161,36.4046841,25.933527,8.0
1556936375999,91.9868163473,127.3654371,36.4048323,25.65553,8.0
1556936376999,92.0654645584,127.3656614,36.4049816,25.625418,8.0
1556936377999,92.2251286881,127.3658902,36.405132,26.071257,8.0
1556936378999,92.3591972743,127.3661224,36.4052861,26.017628,8.0
1556936379999,92.5028709849,127.3663436,36.4054346,26.0551,8.0
1556936380999,92.6188663431,127.3665658,36.4055831,26.138361,8.0
1556936381999,92.7393332325,127.3667942,36.4057347,26.386768,8.0
1556936382999,92.8379065298,127.3670214,36.4058827,26.299957,8.0
1556936383999,92.8760850486,127.3672448,36.4060202,25.91267,8.0
1556936384999,92.8879334329,127.3674596,36.4061443,25.93464,24.0
1556936385999,92.822026057,127.3676732,36.4062661,25.112305,16.0
1556936386999,92.7389161929,127.3678969,36.4063852,25.120375,8.0
1556936387999,92.6911525979,127.3681266,36.4065018,25.01434,8.0
1556936388999,92.6353292326,127.3683716,36.4066218,25.145798,8.0
1556936389999,92.6070407356,127.3686206,36.4067424,25.648449,8.0
1556936390999,92.7060600802,127.3688907,36.4068677,26.22733,16.0
1556936391999,92.6873628171,127.3691552,36.4069808,25.110067,16.0
1556936392999,92.577761773,127.3694188,36.4070876,24.944513,16.0
1556936393999,92.4031351751,127.369698,36.4071982,25.01945,16.0
1556936394999,92.2459626581,127.3699976,36.407308,26.36688,12.0
1556936395999,92.2161068657,127.3702736,36.4073978,24.09859,12.0
1556936396999,92.1751647361,127.3705353,36.4074515,23.270338,12.0
1556936397999,92.1095219251,127.3707905,36.4074994,22.668112,12.0
1556936398999,92.0008756498,127.3710345,36.4075355,21.184063,12.0
1556936399999,91.8356961864,127.3712524,36.40757,20.612272,8.0
1556936400999,91.6428820794,127.3714597,36.4076048,20.196978,8.0
1556936401999,91.4497509816,127.3716651,36.4076495,19.860117,8.0
1556936402999,91.2686864768,127.3718543,36.4076901,18.264715,8.0
1556936403999,91.0988354227,127.3720363,36.4077271,17.57971,8.0
1556936404999,90.9315842946,127.3722202,36.4077615,17.667416,8.0
1556936405999,90.8012794241,127.3724069,36.407798,18.194202,8.0
1556936406999,90.6548095148,127.3725986,36.4078353,18.329731,8.0
1556936407999,90.5259482885,127.3727981,36.4078739,18.451456,16.0
1556936408999,90.4976268983,127.3729935,36.4079065,18.63358,16.0
1556936409999,90.570196015,127.373176,36.4079359,18.243902,16.0
1556936410999,90.7011538909,127.3733637,36.4079645,18.259161,12.0
1556936411999,90.8857533066,127.3735558,36.4079908,18.540716,12.0
1556936412999,91.0789938016,127.3737494,36.4080162,18.051432,8.0
1556936413999,91.2334773348,127.3739321,36.4080367,17.277842,12.0
1556936414999,91.3945458851,127.3741125,36.4080572,17.193115,12.0
1556936415999,91.1104541365,127.3742857,36.4080768,16.781687,16.0
1556936416999,90.9428289393,127.3744528,36.4080952,16.25983,16.0
1556936417999,90.8879503757,127.3746342,36.408116,16.317791,16.0
1556936418999,90.8623568282,127.3748042,36.4081368,14.892007,16.0
1556936419999,90.74519522,127.3749604,36.4081568,14.299053,8.0
1556936420999,91.1802878686,127.3751064,36.4081752,13.962045,12.0
1556936421999,91.5500022074,127.3752452,36.4081905,13.384197,12.0
1556936422999,91.8153614382,127.3753379,36.4082068,12.287187,12.0
1556936423999,91.9762976522,127.3754137,36.4082192,10.44382,12.0
1556936424999,92.0959998762,127.3754797,36.4082365,8.792447,8.0
1556936425999,92.1885945791,127.3755493,36.4082531,8.681996,8.0
1556936426999,91.8982947923,127.375623,36.4082687,8.435625,8.0
1556936427999,91.593780235,127.375702,36.4082816,8.53817,8.0
1556936428999,91.3152569509,127.3757796,36.4082969,8.077087,8.0
1556936429999,91.078398167,127.3758579,36.4083158,8.189288,8.0
1556936430999,90.8594634795,127.3759385,36.4083358,7.6414876,8.0
1556936431999,90.6125158916,127.3760206,36.4083552,7.880815,8.0
1556936432999,90.3567125236,127.3760969,36.4083744,8.053287,8.0
1556936433999,90.1049169386,127.3761703,36.4083954,8.307011,8.0
1556936434999,89.8396705901,127.3762455,36.4084172,8.530202,8.0
1556936435999,89.6358853189,127.3763391,36.4084409,8.850497,12.0
1556936436999,89.4317033357,127.3764296,36.4084697,9.130625,8.0
1556936437999,89.2186162474,127.3765218,36.4085031,9.678091,8.0
1556936438999,88.9897278121,127.3766181,36.4085396,10.234207,8.0
1556936439999,88.8004421246,127.3767187,36.4085795,10.127537,8.0
1556936440999,88.6143123426,127.3768206,36.4086223,10.211695,12.0
1556936441999,88.4872421707,127.3769246,36.4086678,10.632307,12.0
1556936442999,88.4182879597,127.3770257,36.4087118,10.547314,12.0
1556936443999,88.4371440194,127.3771251,36.4087584,10.496977,24.0
1556936444999,88.3551590501,127.377226,36.4088058,10.255723,12.0
1556936445999,88.3175017434,127.377322,36.4088526,9.831851,12.0
1556936446999,88.2520695535,127.3774179,36.4088979,9.688212,8.0
1556936447999,88.2082200231,127.377518,36.4089407,8.762843,12.0
1556936448999,88.1379746771,127.3776034,36.4089785,8.275741,12.0
1556936449999,88.0295645006,127.3776813,36.4090151,7.6693006,8.0
1556936450999,87.8508182549,127.3777322,36.4090398,6.0509744,8.0
1556936452999,87.6237641251,127.3778264,36.409088,4.5739303,8.0
1556936479999,87.130789794,127.3779093,36.4091661,4.3019757,6.0
1556936481999,86.1308235112,127.3780047,36.409223,5.9028444,6.0
1556936482999,85.7419945283,127.3780712,36.4092661,6.6312447,6.0
1556936483999,85.3812885611,127.3781468,36.409315,6.9685564,6.0
1556936484999,85.10150087,127.3782267,36.4093667,7.7355742,6.0
1556936485999,84.8399843817,127.378305,36.4094176,8.1837,6.0
1556936486999,84.6057928297,127.378381,36.4094691,8.733775,8.0
1556936487999,84.3682574924,127.3784605,36.4095237,9.848962,8.0
1556936488999,84.1178698784,127.3785498,36.4095823,10.650484,8.0
1556936489999,83.86408116,127.3786481,36.4096468,11.033765,8.0
1556936490999,83.7004074807,127.3787638,36.4097282,11.132824,6.0
1556936491999,83.5789405044,127.3788758,36.4098057,11.249635,6.0
1556936492999,83.4958042065,127.3789845,36.4098793,11.319636,6.0
1556936493999,83.4445092839,127.3790936,36.4099527,11.476444,6.0
1556936494999,83.3903818976,127.3792009,36.4100226,11.3895035,6.0
1556936495999,83.3419937857,127.3793065,36.4100922,11.698273,6.0
1556936496999,83.2680796653,127.3794121,36.4101611,11.611002,6.0
1556936497999,83.248897517,127.3795218,36.4102317,11.7135105,6.0
1556936498999,83.2680276326,127.3796308,36.4103049,11.376736,8.0
1556936499999,83.2602106829,127.3797266,36.4103705,10.611361,8.0
1556936500999,83.2501558451,127.3798253,36.4104369,10.629955,8.0
1556936501999,83.2015848734,127.3799292,36.4105039,10.271871,8.0
1556936502999,83.1519031472,127.3800264,36.4105678,9.429008,8.0
1556936503999,83.1475252838,127.3801094,36.4106243,8.68649,8.0
1556936504999,83.1955745207,127.3801827,36.4106758,8.498468,8.0
1556936505999,83.2601800352,127.3802546,36.4107226,8.036316,8.0
1556936506999,83.2946718707,127.3803278,36.4107631,7.799087,8.0
1556936507999,83.3212691014,127.380399,36.4108036,7.8266263,8.0
1556936508999,83.3480406142,127.3804675,36.4108447,7.3854823,8.0
1556936509999,83.3660352151,127.3805324,36.4108806,7.106553,8.0
1556936510999,83.4661379388,127.3805947,36.4109144,7.1897297,6.0
1556936511999,83.5608748186,127.3806665,36.4109497,7.524921,8.0
1556936512999,83.6065570084,127.3807455,36.4109886,7.7170568,8.0
1556936513999,83.6540076475,127.3808241,36.4110273,7.8863935,8.0
1556936514999,83.7530939484,127.3808986,36.4110637,8.379442,6.0
1556936515999,83.847436661,127.3809754,36.4111019,8.48672,6.0
1556936516999,83.9122545532,127.3810585,36.4111437,8.812979,6.0
1556936517999,83.942157346,127.3811443,36.4111864,8.9831505,6.0
1556936518999,83.9702038411,127.381232,36.4112287,9.050892,4.0
1556936519999,84.0263757926,127.3813196,36.4112732,8.787257,4.0
1556936520999,84.0787318494,127.3814062,36.4113153,8.589186,4.0
1556936521999,84.1238969275,127.3814913,36.4113552,9.1323185,6.0
1556936522999,84.3336173017,127.3815771,36.411398,8.936818,24.0
1556936523999,84.3530890005,127.3816612,36.4114406,9.046487,24.0
1556936524999,84.3299697231,127.3817388,36.4114871,8.512835,24.0
1556936525999,84.2718394966,127.3818192,36.4115254,8.537127,16.0
1556936526999,84.0229035937,127.3819022,36.4115643,8.691017,12.0
1556936527999,83.8479391371,127.381984,36.4116017,8.581512,12.0
1556936528999,83.7248680163,127.3820601,36.4116362,8.100526,16.0
1556936529999,83.6935100233,127.382139,36.4116672,8.120865,16.0
1556936530999,83.6377731714,127.3822176,36.4116989,8.34692,16.0
1556936531999,83.5889483977,127.3822931,36.4117311,8.452505,16.0
1556936532999,84.0580397929,127.3823685,36.4117576,8.509287,16.0
1556936533999,84.7870072667,127.3824531,36.411782,8.568416,8.0
1556936534999,85.6733848663,127.3825369,36.4118087,8.493605,8.0
1556936535999,86.5525355186,127.3826175,36.4118336,8.888691,8.0
1556936536999,87.3290783655,127.3826985,36.4118586,9.287375,8.0
1556936537999,87.9314227099,127.3827854,36.4118837,9.29004,8.0
1556936538999,88.1983579376,127.3828812,36.4119101,9.493219,12.0
1556936539999,88.1992832175,127.3829836,36.4119375,9.946564,12.0
1556936540999,88.0918688712,127.3830897,36.4119654,10.253185,8.0
1556936541999,87.8223529143,127.3832002,36.4119918,10.304377,8.0
1556936542999,87.4670797653,127.3833109,36.4120178,10.287599,8.0
1556936543999,87.0466687363,127.3834267,36.4120428,10.473241,8.0
1556936544999,86.6368577885,127.383539,36.412067,10.157881,8.0
1556936545999,86.2457860883,127.3836369,36.4120877,9.981876,8.0
1556936546999,85.8674286802,127.3837307,36.4121059,9.735223,8.0
1556936547999,85.5865288841,127.3838217,36.4121217,9.394783,8.0
1556936548999,85.3141406056,127.3839092,36.4121353,8.985541,8.0
1556936549999,85.0433462562,127.3839947,36.4121471,8.54606,8.0
1556936550999,84.7784017349,127.3840822,36.4121592,8.349124,8.0
1556936551999,84.5195919153,127.3841717,36.4121711,8.352294,8.0
1556936552999,84.266304389,127.3842567,36.4121842,8.299206,8.0
1556936553999,84.0213121809,127.3843428,36.412198,8.160585,8.0
1556936554999,83.8118543705,127.384423,36.4122103,7.822334,8.0
1556936555999,83.6047314444,127.3845019,36.412224,7.6786757,12.0
1556936556999,83.4337960747,127.3845808,36.4122366,7.462748,12.0
1556936557999,83.2604512018,127.38466,36.4122475,7.288238,12.0
1556936558999,83.0553889098,127.3847374,36.4122581,7.168464,12.0
1556936559999,82.8366199148,127.3848111,36.4122666,7.212872,8.0
1556936560999,82.6018697554,127.3848892,36.4122752,7.202508,8.0
1556936561999,82.3451466676,127.384967,36.4122824,7.1731825,8.0
1556936562999,82.0876323463,127.3850415,36.4122895,7.0757704,8.0
1556936563999,81.8528162642,127.3851178,36.4122985,6.957117,12.0
1556936564999,81.6182361474,127.385211,36.4123101,6.8607297,12.0
1556936565999,81.4345693801,127.3853002,36.4123207,6.831044,12.0
1556936566999,81.2822075045,127.3853885,36.4123294,6.733187,12.0
1556936567999,81.1732481694,127.3854745,36.4123368,6.5844812,12.0
1556936568999,81.1287579461,127.3855396,36.4123412,6.2644997,12.0
1556936569999,81.0484652463,127.3856044,36.4123414,6.254184,12.0
1556936570999,80.8582731052,127.3856831,36.4123406,6.202336,12.0
1556936571999,80.5316101031,127.3857542,36.4123388,6.233218,12.0
1556936572999,80.0982225954,127.385826,36.412336,6.1132827,12.0
1556936573999,79.5561881086,127.3858908,36.412333,6.0155582,12.0
1556936574999,78.9123226176,127.3859532,36.4123293,5.8197303,12.0
1556936575999,78.1865979106,127.3860167,36.4123247,5.6594834,12.0
1556936576999,77.4386779754,127.3860835,36.4123202,5.5742083,8.0
1556936577999,76.6990728353,127.3861472,36.4123158,5.495198,8.0
1556936578999,75.9677435202,127.3862115,36.4123116,5.707279,8.0
1556936579999,75.2263154319,127.3862866,36.4123063,5.6961684,8.0
1556936580999,74.471588736,127.3863637,36.412303,5.761525,8.0
1556936581999,73.6967426921,127.3864384,36.4122981,5.6222205,8.0
1556936582999,72.9398212983,127.3865106,36.4122919,5.612378,8.0
1556936583999,72.1572686397,127.3865787,36.4122863,5.4108577,8.0
1556936584999,71.3522726697,127.386645,36.4122819,5.2139797,8.0
1556936585999,70.6175823513,127.3867104,36.4122779,5.342453,8.0
1556936586999,69.9679238615,127.3867818,36.4122729,5.748767,8.0
1556936587999,69.3967982262,127.3868576,36.4122673,5.9862585,6.0
1556936588999,68.8895951223,127.3869311,36.4122615,6.0987015,6.0
1556936589999,68.4501678574,127.3870035,36.4122536,6.0090885,6.0
1556936590999,68.0537335595,127.3870704,36.4122462,5.7770753,6.0
1556936591999,67.6685824165,127.3871325,36.4122394,5.445291,8.0
1556936592999,67.3030287944,127.38719,36.412233,4.9591885,6.0
1556936594999,66.9088290604,127.3872905,36.4122197,4.285371,6.0
1556936596999,66.8180796837,127.3873768,36.4122056,4.013514,6.0
1556936599999,66.1020143814,127.3875136,36.4121861,4.110772,6.0
1556936600999,65.6287994638,127.3875695,36.4121789,4.3388977,8.0
1556936602999,64.9218224978,127.3876757,36.4121648,5.0082235,8.0
1556936603999,64.7359613663,127.3877349,36.4121571,5.399669,12.0
1556936604999,64.6103724908,127.387802,36.4121449,5.48321,12.0
1556936605999,64.6056876814,127.3878616,36.4121357,5.5172033,8.0
1556936606999,64.6575483402,127.3879224,36.4121317,5.613517,8.0
1556936608999,64.9147826877,127.3880212,36.4121161,5.295532,8.0
1556936610999,65.3042762576,127.38811,36.4120994,5.161346,8.0
1556936612999,65.862491005,127.3881962,36.4120822,5.4073024,8.0
1556936613999,66.1440887505,127.3882586,36.4120691,5.78351,4.0
1556936614999,66.4928911107,127.3883171,36.4120548,6.0276933,8.0
1556936615999,66.8490980911,127.3883793,36.4120391,6.0550547,8.0
1556936616999,67.184587024,127.3884417,36.4120223,6.003237,8.0
1556936617999,67.4733187329,127.3885017,36.4120065,6.146827,8.0
1556936618999,67.8085021232,127.3885699,36.4119882,6.335263,6.0
1556936619999,68.0567147294,127.3886327,36.4119725,6.650899,6.0
1556936620999,68.2941746222,127.3887013,36.4119556,6.7946606,8.0
1556936621999,68.4945253164,127.3887744,36.4119378,6.96098,4.0
1556936622999,68.6678390403,127.3888481,36.4119202,7.003027,4.0
1556936623999,68.7717624476,127.3889219,36.4119037,7.042265,4.0
1556936624999,68.8064832283,127.388999,36.4118886,6.9229608,4.0
1556936625999,68.7671273637,127.3890731,36.4118744,6.8066254,8.0
1556936626999,68.7104810602,127.389154,36.41186,6.690894,6.0
1556936627999,68.6469847123,127.3892337,36.4118408,6.6727343,6.0
1556936628999,68.5793192418,127.3893128,36.4118196,6.8689966,6.0
1556936629999,68.4947286757,127.3893901,36.4118004,7.015078,6.0
1556936630999,68.4041576393,127.3894685,36.4117791,7.108148,6.0
1556936631999,68.3515509786,127.3895459,36.4117581,7.1301146,6.0
1556936632999,68.3017098853,127.3896227,36.411738,7.2180233,6.0
1556936633999,68.3012664753,127.389703,36.4117166,7.392658,6.0
1556936634999,68.3112564505,127.3897822,36.4116961,7.692795,6.0
1556936635999,68.3266382328,127.3898734,36.4116755,8.050379,6.0
1556936636999,68.324973133,127.3899715,36.4116533,8.379865,8.0
1556936637999,68.3036285522,127.3900853,36.4116301,9.157379,8.0
1556936638999,68.2575334085,127.3902079,36.411603,10.03269,8.0
1556936639999,68.1874240743,127.3903308,36.4115728,11.00084,8.0
1556936640999,68.1333713314,127.3904599,36.4115387,11.592182,8.0
1556936641999,68.1054965545,127.3905958,36.4115021,12.176758,8.0
1556936642999,68.1425915758,127.3907518,36.4114608,12.608305,12.0
1556936643999,68.1699805223,127.3909055,36.4114212,12.664068,12.0
1556936644999,68.196886574,127.3910539,36.411381,12.507128,12.0
1556936645999,68.1974337582,127.3912051,36.4113416,12.305136,16.0
1556936646999,68.1223142338,127.3913348,36.4113056,12.165056,12.0
1556936647999,67.94722918,127.3914688,36.411269,11.736207,12.0
1556936648999,67.6755242851,127.391599,36.4112343,11.242055,12.0
1556936649999,67.3725432638,127.3917277,36.4112004,10.824717,12.0
1556936650999,67.1114830305,127.3918425,36.4111677,10.615442,8.0
1556936651999,66.8843873409,127.3919664,36.4111315,10.5232315,8.0
1556936652999,66.7239257359,127.392093,36.4110944,10.595558,8.0
1556936653999,66.5700012696,127.3922233,36.4110568,10.62499,8.0
1556936654999,66.4659017859,127.3923499,36.4110218,10.713002,6.0
1556936655999,66.4023775744,127.3924838,36.4109854,10.684003,8.0
1556936656999,66.2217466662,127.3926105,36.4109489,10.637598,8.0
1556936657999,66.0167343641,127.3927318,36.4109152,10.613452,4.0
1556936658999,65.8549937271,127.3928533,36.410884,10.825704,4.0
1556936659999,65.7646706914,127.3929796,36.4108541,11.188281,6.0
1556936660999,65.7062973341,127.3931114,36.4108214,11.387546,6.0
1556936661999,65.6245865951,127.3932469,36.4107879,11.824069,6.0
1556936662999,65.5126915483,127.3933778,36.4107575,12.276999,6.0
1556936663999,65.3665362713,127.3935187,36.4107272,12.420888,6.0
1556936664999,65.2150105058,127.3936589,36.410696,12.616619,6.0
1556936665999,64.9958027784,127.3938,36.4106622,12.778947,6.0
1556936666999,64.7775677346,127.3939411,36.4106276,12.835788,6.0
1556936667999,64.5876045716,127.3940804,36.4105931,12.95522,8.0
1556936668999,64.4096278492,127.3942215,36.4105575,13.092502,8.0
1556936669999,64.2353171057,127.3943699,36.4105192,13.720825,8.0
1556936670999,64.1050924596,127.3945177,36.4104813,14.208013,8.0
1556936671999,63.9782626503,127.3946748,36.4104403,14.677495,8.0
1556936672999,63.7614333691,127.3948382,36.4103965,14.930864,8.0
1556936673999,63.7149454938,127.394995,36.4103534,15.152467,8.0
1556936674999,63.7288873121,127.3951596,36.4103078,15.38678,6.0
1556936675999,63.8618593109,127.3953225,36.4102614,15.748231,6.0
1556936676999,64.073389394,127.3954935,36.4102133,16.206642,6.0
1556936677999,64.2717525201,127.3956691,36.4101644,16.323414,6.0
1556936678999,64.5413954158,127.39585,36.4101147,16.648493,6.0
1556936679999,64.724052765,127.3960329,36.4100661,16.897917,6.0
1556936680999,64.8922875437,127.3962193,36.4100165,17.118458,6.0
1556936681999,65.1093291164,127.3964066,36.409966,17.670279,6.0
1556936682999,65.3409861371,127.3965937,36.4099154,17.944366,4.0
1556936683999,65.5779217502,127.3967861,36.4098625,18.385357,4.0
1556936684999,65.7363558221,127.3969865,36.4098079,18.851149,4.0
1556936685999,65.8573785853,127.3971994,36.4097501,19.21692,4.0
1556936686999,65.8953182262,127.3974174,36.4096914,20.036942,4.0
1556936687999,65.6657735209,127.3976397,36.4096322,20.563992,4.0
1556936688999,65.4015766924,127.3978569,36.4095727,20.823824,4.0
1556936689999,65.1906477643,127.3980777,36.4095094,20.875362,4.0
1556936690999,64.9917923061,127.3982999,36.4094435,21.112072,6.0
1556936691999,64.8665157365,127.3985218,36.4093759,20.922161,6.0
1556936692999,64.7680590138,127.3987368,36.4093112,21.173056,6.0
1556936693999,64.7245913672,127.3989525,36.4092383,21.922247,6.0
1556936694999,64.750333531,127.3991829,36.4091554,22.101738,6.0
1556936695999,64.8149341373,127.3994092,36.4090651,22.542454,6.0
1556936696999,64.91695194,127.399643,36.4089667,22.52723,6.0
1556936697999,65.009233055,127.3998744,36.4088664,22.349154,6.0
1556936698999,65.1074757447,127.4000925,36.408756,22.037218,6.0
1556936699999,65.2386463345,127.4003159,36.4086506,22.712992,6.0
1556936700999,65.3669858274,127.4005461,36.4085324,22.72851,6.0
1556936701999,65.500429289,127.4007561,36.4084023,22.866825,6.0
1556936702999,65.6085356859,127.4009712,36.4082718,22.96362,6.0
1556936703999,65.6383245698,127.4011903,36.4081437,23.000584,6.0
1556936704999,65.5934364234,127.4014077,36.4080131,23.482481,6.0
1556936705999,65.5148292236,127.4016287,36.4078803,24.323338,6.0
1556936706999,65.4537880003,127.4018516,36.4077511,24.310066,6.0
1556936707999,65.3732912434,127.4020786,36.4076221,24.649681,12.0
1556936708999,65.2678115934,127.4023064,36.4074927,24.698717,12.0
1556936709999,65.1930736099,127.4025312,36.4073665,24.993855,12.0
1556936710999,65.1122683877,127.4027494,36.4072387,24.479324,12.0
1556936711999,65.0846003754,127.4029729,36.4071093,24.458841,8.0
1556936712999,65.0632069578,127.4031971,36.406981,24.618519,8.0
1556936713999,65.064095564,127.4034181,36.4068553,24.708181,8.0
1556936714999,65.0042623379,127.4036483,36.406727,24.932169,12.0
1556936715999,64.9080723504,127.4038874,36.4065994,24.842562,8.0
1556936716999,64.7897771381,127.404136,36.4064769,25.063799,8.0
1556936717999,64.6488477595,127.4043859,36.4063544,25.230423,8.0
1556936718999,64.5496742871,127.4046289,36.4062405,25.215385,8.0
1556936719999,64.4734778989,127.4048734,36.4061253,24.782566,6.0
1556936720999,64.3942507491,127.4051132,36.4060221,24.397497,6.0
1556936721999,64.3079824316,127.4053591,36.405928,24.17531,6.0
1556936722999,64.2122540752,127.4056141,36.4058373,24.141935,12.0
1556936723999,64.1257481157,127.4058705,36.4057545,23.7466,12.0
1556936724999,64.0609909636,127.4061335,36.4056862,23.73632,12.0
1556936725999,64.0166347938,127.4063978,36.4056285,23.4682,12.0
1556936726999,63.9563114888,127.4066585,36.4055735,23.144089,8.0
1556936727999,63.8642075322,127.4069058,36.4055242,22.529175,8.0
1556936728999,63.7499057345,127.407151,36.4054729,22.517765,8.0
1556936729999,63.6169792239,127.4073999,36.4054234,22.876575,8.0
1556936730999,63.4613397259,127.4076496,36.405372,22.707563,8.0
1556936731999,63.3311378267,127.4078963,36.4053314,22.585842,8.0
1556936732999,63.2016878382,127.4081423,36.4052913,22.054213,12.0
1556936733999,63.0894082272,127.4083838,36.4052559,21.850586,12.0
1556936734999,62.9486007857,127.408627,36.4052301,21.589846,12.0
1556936735999,62.7998896376,127.4088601,36.4052042,21.553288,8.0
1556936736999,62.5750111417,127.4091138,36.4051776,21.298002,12.0
1556936737999,62.2567300186,127.4093463,36.405154,21.089128,12.0
1556936738999,61.8857035534,127.4095695,36.4051323,20.377377,12.0
1556936739999,61.4613903609,127.4097926,36.4051116,19.99587,12.0
1556936740999,61.0550687138,127.4100126,36.4050929,19.758049,16.0
1556936741999,60.6469868602,127.4102308,36.4050742,19.063452,16.0
1556936742999,60.1573964546,127.4104359,36.4050521,18.681665,16.0
1556936743999,59.707805521,127.4106407,36.4050301,18.473692,16.0
1556936744999,59.2565212434,127.4108312,36.4050085,18.264698,12.0
1556936745999,58.8776667273,127.4110275,36.4049811,17.487967,12.0
1556936746999,58.4727599548,127.4112166,36.4049587,17.177122,12.0
1556936747999,58.0739292768,127.4113951,36.4049371,16.123516,12.0
1556936748999,57.676626788,127.4115555,36.4049173,14.880154,12.0
1556936749999,57.2845663838,127.4116955,36.4049008,13.529548,12.0
1556936750999,57.0194494587,127.4118345,36.4048853,13.325584,12.0
1556936751999,56.7360710234,127.4119742,36.4048681,13.481156,12.0
1556936752999,56.4254948135,127.4121081,36.4048501,13.068742,12.0
1556936753999,56.1470155893,127.4122368,36.4048344,12.379543,12.0
1556936754999,55.8903323199,127.412357,36.4048202,12.129731,12.0
1556936755999,55.7365258473,127.4124769,36.4048072,11.674944,12.0
1556936756999,55.6304695048,127.4125993,36.4047942,11.69125,12.0
1556936757999,55.5598850982,127.412727,36.4047799,11.531522,12.0
1556936758999,55.4901441357,127.4128532,36.4047664,11.759658,12.0
1556936759999,55.4615059956,127.4129808,36.4047521,11.978448,12.0
1556936760999,55.465158576,127.4131101,36.4047411,11.985443,12.0
1556936761999,55.4435801793,127.4132301,36.4047315,12.171945,12.0
1556936762999,55.5046126679,127.4133562,36.4047211,12.420765,12.0
1556936763999,55.5665335464,127.4134736,36.4047155,12.551288,12.0
1556936764999,55.6691930491,127.4135986,36.4047092,13.192711,12.0
1556936765999,55.8003093925,127.4137344,36.4047008,13.220406,12.0
1556936766999,55.928262817,127.4138664,36.4046932,13.718615,12.0
1556936767999,56.0337087096,127.4140044,36.4046837,13.89518,12.0
1556936768999,56.1445751811,127.4141469,36.4046748,14.484697,12.0
1556936769999,56.1768879061,127.4142973,36.4046624,14.665393,8.0
1556936770999,56.2192557437,127.4144779,36.4046446,15.174027,8.0
1556936771999,56.265045943,127.414656,36.4046283,15.654177,8.0
1556936772999,56.3565957695,127.4148342,36.4046107,15.779812,8.0
1556936773999,56.4744415731,127.4150158,36.4045918,15.713387,8.0
1556936774999,56.5533104363,127.4151912,36.4045721,15.901128,8.0
1556936775999,56.636888006,127.4153703,36.4045517,16.303526,8.0
1556936776999,56.7378902369,127.4155554,36.4045298,16.499205,8.0
1556936777999,56.8133155763,127.4157379,36.4045091,16.354181,6.0
1556936778999,56.8794113927,127.4159258,36.404487,16.476395,6.0
1556936779999,56.8712523552,127.4161061,36.4044662,16.814463,8.0
1556936780999,56.8536356022,127.4162868,36.4044457,16.748127,8.0
1556936781999,56.8944106055,127.4164752,36.4044254,16.509111,6.0
1556936782999,56.9068291087,127.4166603,36.4044066,16.783102,6.0
1556936783999,57.0446578217,127.4168561,36.4043846,16.567532,8.0
1556936784999,57.2296599091,127.4170525,36.4043616,17.020605,8.0
1556936785999,57.4007838854,127.4172581,36.4043372,17.140232,6.0
1556936786999,57.6426697149,127.4174554,36.4043182,16.996225,6.0
1556936787999,57.8931483969,127.4176683,36.404299,17.434572,6.0
1556936788999,58.1739225508,127.4178707,36.4042946,17.69895,6.0
1556936789999,58.3989305572,127.4180749,36.4043002,17.732115,6.0
1556936790999,58.5811832466,127.4182827,36.4043092,18.089207,6.0
1556936791999,58.7396412263,127.4184913,36.4043262,18.282804,6.0
1556936792999,58.8503333859,127.4187025,36.4043503,18.15472,6.0
1556936793999,58.9581493217,127.418912,36.4043797,18.073729,8.0
1556936794999,59.0373359896,127.4191107,36.4044184,18.458055,8.0
1556936795999,59.0983733012,127.4193066,36.4044705,18.713737,12.0
1556936796999,59.108740386,127.4195072,36.404533,18.592642,12.0
1556936797999,59.0408046975,127.4197052,36.4046047,18.527864,12.0
1556936798999,58.7475607043,127.4199055,36.4046923,18.981773,12.0
1556936799999,58.5092104232,127.4200798,36.4047927,18.660492,12.0
1556936800999,58.2303464126,127.4202614,36.4049052,18.268663,12.0
1556936801999,58.0346238788,127.4204252,36.4050278,18.540426,12.0
1556936802999,57.9442320686,127.4205733,36.4051445,18.441145,12.0
1556936803999,57.8503259927,127.4207204,36.4052585,18.030287,12.0
1556936804999,57.7136374275,127.4208578,36.4053762,18.01,12.0
1556936805999,57.6604569613,127.4209869,36.4055029,18.19253,12.0
1556936806999,57.6824493596,127.4211072,36.4056403,19.02057,12.0
1556936807999,58.161204437,127.4211733,36.4057617,18.92894,24.0
1556936808999,58.6082957084,127.4212672,36.405925,19.320332,24.0
1556936809999,59.0148826195,127.4213625,36.4061013,19.886158,24.0
1556936810999,59.3686773513,127.4214434,36.4062768,20.324322,24.0
1556936811999,59.7023676068,127.4215023,36.4064756,21.491938,16.0
1556936812999,60.1422437689,127.4215455,36.4066785,21.5199,12.0
1556936813999,60.6431305309,127.4215697,36.4068899,21.714844,12.0
1556936814999,61.1217070967,127.4215674,36.4071095,21.670887,12.0
1556936815999,61.5941189437,127.4215462,36.4073296,22.489391,8.0
1556936816999,61.8386800092,127.4215123,36.4075478,23.82229,8.0
1556936817999,62.1234314018,127.4214766,36.4077779,23.112913,8.0
1556936818999,62.4100988755,127.4214364,36.4079988,22.78094,8.0
1556936819999,62.5800620547,127.4214108,36.4082137,22.896803,8.0
1556936820999,62.637404162,127.4213924,36.408425,22.266838,8.0
1556936821999,62.6160462206,127.4213768,36.4086224,22.00078,8.0
1556936822999,62.5412882232,127.4213754,36.4088131,21.674683,8.0
1556936823999,62.5641098494,127.4213862,36.4090061,21.26096,8.0
1556936824999,62.5668112537,127.421402,36.4092535,21.391634,8.0
1556936825999,62.6195352832,127.4214396,36.4094756,21.594193,8.0
1556936826999,62.9096521371,127.4214892,36.4096927,21.677795,8.0
1556936827999,63.3874468068,127.4215525,36.4099062,21.838987,8.0
1556936828999,63.9605511107,127.4216149,36.4101088,21.701797,8.0
1556936829999,64.7241265761,127.4216826,36.4103143,22.68541,8.0
1556936830999,65.5856534231,127.4217542,36.4105364,22.080309,8.0
1556936831999,66.4313508969,127.421819,36.4107433,22.148409,6.0
1556936832999,67.247007618,127.4218837,36.4109549,22.387896,6.0
1556936833999,68.0927573736,127.4219481,36.411168,22.400003,6.0
1556936834999,68.8611945001,127.4220104,36.4113729,22.515223,6.0
1556936835999,69.6452570852,127.4220765,36.4115785,23.458801,6.0
1556936836999,70.3835327316,127.4221505,36.4117884,23.43634,6.0
1556936837999,71.1242143792,127.4222221,36.4120011,23.628994,6.0
1556936838999,71.7939947058,127.4222909,36.4122109,24.327974,6.0
1556936839999,72.367980408,127.4223632,36.4124246,24.208054,6.0
1556936840999,72.8824971414,127.4224356,36.4126362,24.064922,6.0
1556936841999,73.2912786402,127.4225057,36.4128383,24.25437,6.0
1556936842999,73.6226409668,127.4225621,36.4130549,24.743708,4.0
1556936843999,73.9035056126,127.4226117,36.4132767,25.15719,4.0
1556936844999,74.1396695143,127.4226562,36.4135029,25.152472,4.0
1556936845999,74.3442797342,127.4226913,36.4137346,25.658981,4.0
1556936846999,74.5521339905,127.4227263,36.4139735,25.316109,6.0
1556936847999,74.7776655329,127.4227534,36.4142046,25.18499,4.0
1556936848999,75.0448033994,127.4227754,36.4144353,25.359715,6.0
1556936849999,75.3137359742,127.4227894,36.4146551,25.189442,6.0
1556936850999,75.5004124891,127.4227778,36.414889,25.550014,6.0
1556936851999,75.6451727297,127.4227547,36.4151211,25.291157,6.0
1556936852999,75.7515030627,127.4227179,36.41535,25.602627,8.0
1556936853999,75.7967838282,127.4226785,36.4155855,25.654287,8.0
1556936854999,75.7752664915,127.4226345,36.4158221,26.149326,8.0
1556936855999,75.7497340421,127.4225841,36.4160593,25.794477,8.0
1556936856999,75.7543820967,127.4225236,36.4163004,26.075317,8.0
1556936857999,75.7852377754,127.4224518,36.416531,25.403828,8.0
1556936858999,75.8453054588,127.4223798,36.4167527,24.950333,8.0
1556936859999,75.8927931921,127.4223079,36.4169665,24.699102,8.0
1556936860999,75.8985002001,127.422226,36.4171818,24.230528,8.0
1556936861999,75.8758219847,127.4221294,36.4174057,24.706244,8.0
1556936862999,75.8574371316,127.4220158,36.4176189,24.722446,8.0
1556936863999,75.8384435708,127.421897,36.4178304,24.981604,12.0
1556936864999,75.8059999229,127.4217731,36.4180369,25.570812,12.0
1556936865999,75.7131457396,127.4216471,36.4182393,26.222826,12.0
1556936866999,75.6001566765,127.4214993,36.4184418,26.378052,12.0
1556936867999,75.5065661119,127.4213424,36.4186491,26.53023,16.0
1556936868999,75.497248583,127.4211734,36.4188637,26.238628,16.0
1556936869999,75.9854710706,127.4210006,36.4190691,26.429693,16.0
1556936870999,76.5628547385,127.420821,36.4192691,25.950975,16.0
1556936871999,77.1012209989,127.4206387,36.4194587,25.640562,12.0
1556936872999,77.5985774519,127.420455,36.4196449,25.675413,12.0
1556936873999,78.0687188303,127.4202666,36.4198265,25.769266,12.0
1556936874999,78.4941090873,127.4200785,36.4200088,25.688995,12.0
1556936875999,79.2359263717,127.419893,36.4201885,25.509268,12.0
1556936876999,79.8591449974,127.4197097,36.4203536,25.40979,12.0
1556936877999,80.3440548371,127.4195309,36.42052,25.158688,12.0
1556936878999,80.7385443325,127.4193575,36.4206845,25.06781,12.0
1556936879999,81.0781117781,127.4191892,36.4208508,24.820143,12.0
1556936880999,81.3616620415,127.4190273,36.4210229,24.566746,8.0
1556936881999,81.5690234565,127.4188737,36.4212024,24.374681,6.0
1556936882999,81.7194600574,127.4187297,36.4213822,24.002018,6.0
1556936883999,81.8705837717,127.4185904,36.4215602,23.541784,6.0
1556936884999,82.0006529859,127.4184579,36.4217342,22.98137,6.0
1556936885999,82.1377901046,127.4183352,36.4218998,22.750654,6.0
1556936886999,82.2627521544,127.41822,36.422063,21.71074,8.0
1556936887999,82.3905424938,127.4181152,36.4222184,20.945057,8.0
1556936888999,82.5267878274,127.4180155,36.4223643,19.006193,8.0
1556936889999,82.6613527148,127.4179287,36.4225026,17.096548,4.0
1556936890999,82.8092103137,127.4178491,36.4226326,16.376564,6.0
1556936891999,82.9525704215,127.417778,36.4227535,15.423858,6.0
1556936892999,83.2093032831,127.417713,36.422864,14.304463,6.0
1556936893999,83.5177859613,127.4176597,36.4229666,13.574773,8.0
1556936894999,83.9591095063,127.4176198,36.4230569,12.965006,8.0
1556936895999,84.4694011079,127.4175859,36.423146,12.778818,8.0
1556936896999,84.9925960793,127.4175524,36.4232404,12.441126,8.0
1556936897999,85.4234307697,127.4175174,36.4233377,12.047293,6.0
1556936898999,85.7631918961,127.417484,36.4234296,11.941298,6.0
1556936899999,86.062075742,127.4174549,36.4235165,12.174987,6.0
1556936900999,86.3368771699,127.4174231,36.4236106,12.33867,6.0
1556936901999,86.5705890919,127.4173899,36.4237147,12.301998,4.0
1556936902999,86.7408063369,127.417358,36.4238172,12.284781,4.0
1556936903999,86.8794978085,127.4173261,36.4239204,12.647354,4.0
1556936904999,87.0486943291,127.4172993,36.4240216,12.550231,6.0
1556936905999,87.2079449817,127.4172727,36.4241228,12.772914,6.0
1556936906999,87.4045852364,127.4172481,36.4242331,12.922203,8.0
1556936907999,87.6327194127,127.417226,36.4243474,12.568353,6.0
1556936908999,87.8915418581,127.4172069,36.4244616,12.503707,8.0
1556936909999,88.1400643574,127.4171873,36.4245734,12.612698,12.0
1556936910999,88.3697004214,127.4171683,36.4246817,11.845511,12.0
1556936911999,88.6101043805,127.4171498,36.4247886,11.328685,8.0
1556936912999,88.8382345981,127.4171337,36.424882,9.985544,8.0
1556936913999,89.0352894921,127.4171187,36.4249719,9.681204,8.0
1556936914999,89.220326695,127.4171125,36.4250598,9.556018,8.0
1556936915999,89.3575991182,127.4171038,36.42514,9.115782,4.0
1556936916999,89.4474635367,127.4170994,36.4252183,9.242228,4.0
1556936917999,89.5528991068,127.4171023,36.4253045,9.508965,4.0
1556936918999,89.6859709467,127.4171015,36.4253901,8.867652,4.0
1556936919999,89.8091446449,127.4170997,36.4254696,8.076066,6.0
1556936920999,90.177955274,127.4170985,36.4255414,7.5251393,6.0
1556936921999,90.4689170137,127.4170946,36.4256055,7.4888144,4.0
1556936922999,90.7668931877,127.4170912,36.4256737,7.6034455,4.0
1556936923999,91.0387420257,127.4170892,36.4257405,7.4348354,4.0
1556936924999,91.2560674941,127.4170873,36.4258056,7.203804,4.0
1556936925999,91.5167454645,127.4170848,36.4258682,6.9669766,4.0
1556936926999,91.7686474235,127.417082,36.4259235,6.8813825,4.0
1556936927999,92.0367603094,127.4170779,36.425976,6.689453,4.0
1556936928999,92.3060566804,127.4170756,36.4260311,6.6238523,4.0
1556936929999,92.614991021,127.4170724,36.4260825,5.5281544,4.0
1556936930999,92.931673569,127.4170785,36.4261355,5.706945,4.0
1556936931999,93.2717632477,127.4170819,36.4261906,6.1922336,4.0
1556936932999,93.6217345255,127.4170846,36.426248,6.0559,4.0
1556936933999,93.9791706604,127.4170867,36.4263035,5.8357544,4.0
1556936934999,94.3667871287,127.4170871,36.4263548,5.2545133,4.0
1556936935999,94.7640857183,127.4170853,36.4264037,5.2454276,4.0
1556936936999,95.1300372342,127.4170837,36.426453,5.4666166,4.0
1556936937999,95.4708128222,127.417082,36.4265024,5.649248,4.0
1556936938999,95.7866898979,127.4170817,36.4265516,5.374963,4.0
1556936939999,96.0398359573,127.4170815,36.4265991,4.869682,4.0
1556936941999,96.4126930136,127.4170845,36.4266931,5.6532865,4.0
1556936942999,96.567524956,127.4170855,36.4267498,5.8764253,4.0
1556936943999,96.7235240678,127.4170856,36.4268108,6.236244,4.0
1556936944999,96.8613620208,127.4170861,36.4268751,7.0135484,4.0
1556936945999,97.0039214079,127.4170878,36.4269441,7.045445,4.0
1556936946999,97.1464311624,127.4170891,36.4270103,7.0260086,4.0
1556936947999,97.2499396544,127.4170898,36.4270793,7.18027,4.0
1556936948999,97.3416956024,127.4170897,36.4271468,7.2829723,4.0
1556936949999,97.4366758602,127.4170905,36.4272119,7.1998873,4.0
1556936950999,97.4914666751,127.417091,36.4272773,6.9017115,4.0
1556936951999,97.5293367616,127.4170916,36.4273373,6.6666555,4.0
1556936952999,97.5210220095,127.4170929,36.4273959,6.9432263,4.0
1556936953999,97.5371163132,127.4170957,36.4274581,7.357065,4.0
1556936954999,97.5410973859,127.4170983,36.4275227,7.135498,4.0
1556936955999,97.5236864536,127.4171018,36.4275903,7.6485486,4.0
1556936956999,97.5296787867,127.4171069,36.4276597,7.722883,4.0
1556936957999,97.533987682,127.4171126,36.4277299,7.7237806,4.0
1556936958999,97.529800548,127.4171165,36.4278,7.9289846,4.0
1556936959999,97.5504701774,127.4171235,36.42787,7.6494803,4.0
1556936960999,97.5803660721,127.4171339,36.4279378,7.5599074,4.0
1556936961999,97.6219346794,127.4171423,36.4280073,7.9838834,4.0
1556936962999,97.6813632536,127.4171522,36.4280722,7.395418,4.0
1556936963999,97.7682109979,127.4171598,36.4281347,7.187137,4.0
1556936964999,97.8872659392,127.4171674,36.4281953,6.8611107,4.0
1556936965999,98.0605421777,127.4171737,36.4282531,6.6530952,3.9
1556936966999,98.1787465184,127.4171772,36.4283036,5.2544813,3.9
1556936967999,98.073635198,127.4171817,36.4283498,5.6345716,4.0
1556936968999,98.0056349862,127.4171853,36.4284028,5.9038982,4.0
1556936969999,98.2963857943,127.4171927,36.4284589,5.943475,4.0
1556936970999,98.5438500705,127.4171973,36.4285111,5.608555,4.0
1556936971999,98.7529013234,127.4172,36.4285587,5.20193,4.0
1556936973999,98.9622935014,127.4172067,36.4286266,3.863423,3.809
1556936975999,99.004146099,127.4172141,36.4286766,2.5617478,3.501
1556936978999,99.0631921009,127.4172286,36.4287491,3.368539,3.626
1556936979999,99.0788378576,127.4172396,36.4288037,4.018678,4.0
1556936981999,99.2824191762,127.4172571,36.4288908,4.8797574,4.0
1556936982999,99.3098486023,127.4172647,36.4289407,5.071381,4.0
1556936983999,99.2432618387,127.4172706,36.4289888,4.7770553,4.0
1556936984999,99.1017259458,127.4172714,36.4290518,7.6880503,4.0
1556936985999,98.9623934812,127.4172803,36.429123,7.348771,4.0
1556936986999,98.7858856982,127.4172922,36.4291912,7.130934,4.0
1556936987999,98.5634326187,127.417303,36.4292594,7.1657047,4.0
1556936988999,98.3139855904,127.4173116,36.4293303,8.054006,4.0
1556936989999,98.0481362808,127.417325,36.4294066,8.43812,4.0
1556936990999,97.867908924,127.4173421,36.4294877,9.0161085,4.0
1556936991999,97.697227579,127.417358,36.4295706,8.931177,4.0
1556936992999,97.4519378176,127.4173762,36.4296511,8.751755,4.0
1556936993999,97.2122728102,127.4173917,36.4297278,8.416447,4.0
1556936994999,96.9766546153,127.4174064,36.4298014,8.153318,4.0
1556936995999,96.769243255,127.4174205,36.42987,7.439048,4.0
1556936996999,96.6158336834,127.4174339,36.4299328,6.9377685,4.0
1556936997999,96.4122411938,127.4174461,36.4299913,6.648514,4.0
1556936998999,96.2945136353,127.4174612,36.4300515,7.0977345,4.0
1556936999999,96.2029883947,127.4174771,36.4301113,6.593983,4.0
1556937000999,96.1053693724,127.4174903,36.4301675,6.222089,4.0
1556937001999,96.0579938399,127.4175043,36.4302209,6.1558332,4.0
1556937002999,95.9830180519,127.4175171,36.430272,5.7351694,4.0
1556937003999,95.9361562936,127.4175313,36.4303241,5.733057,4.0
1556937004999,95.8813324747,127.4175428,36.43037,4.6581306,4.0
1556937008999,95.8767891593,127.4175556,36.430421,0.0,3.0
1556937014999,95.7295955168,127.4175626,36.4304675,0.5363642,3.0
1556937020999,95.4275020492,127.4175752,36.4305223,1.7476588,3.784
1556937023999,95.2849006914,127.4175948,36.4305953,2.3034208,3.63
1556937025999,95.1613160768,127.4176113,36.430645,2.347334,3.398
1556937027999,95.040481028,127.4176252,36.4306899,2.4991813,3.394
1556937029999,94.8992622935,127.4176364,36.4307454,2.7239854,3.455
1556937031999,93.6859867905,127.4176622,36.4308543,4.8866725,6.0
1556937032999,93.2504827076,127.417682,36.430915,5.365698,6.0
1556937033999,92.8907141308,127.4176988,36.4309761,5.5473976,6.0
1556937034999,92.579709198,127.4177102,36.4310304,5.8649077,6.0
1556937035999,92.3464878315,127.41773,36.4311013,6.225275,4.0
1556937036999,92.0882627063,127.4177474,36.4311599,6.579834,4.0
1556937037999,91.8862865883,127.4177666,36.4312261,6.873929,4.0
1556937038999,91.7115084257,127.417786,36.4312906,7.203046,4.0
1556937039999,91.5576060308,127.4178061,36.4313526,7.262707,4.0
1556937040999,91.4087056236,127.4178292,36.4314217,7.7014866,4.0
1556937041999,91.2634977386,127.4178547,36.431502,8.329609,4.0
1556937042999,91.1318679429,127.4178854,36.4315989,9.961299,4.0
1556937043999,91.0384749806,127.4179115,36.4317102,10.962296,4.0
1556937044999,90.9799577759,127.4179435,36.4318248,11.598344,4.0
1556937045999,90.97505802,127.4179834,36.4319452,12.188212,4.0
1556937046999,91.048370162,127.4180251,36.4320714,12.440264,4.0
1556937047999,91.113812682,127.4180573,36.4321851,12.530549,4.0
1556937048999,91.1928320366,127.4180889,36.4322987,12.86141,6.0
1556937049999,91.2469585207,127.4181234,36.4324151,13.04659,4.0
1556937050999,91.3712517917,127.4181667,36.4325436,13.513543,4.0
1556937051999,91.5214568253,127.4182083,36.4326777,14.181319,4.0
1556937052999,91.7121408405,127.4182527,36.432819,14.758305,4.0
1556937053999,91.9463697702,127.4182985,36.4329672,15.168189,6.0
1556937054999,92.2278005791,127.4183472,36.4331222,15.64985,6.0
1556937055999,92.5365806807,127.4183976,36.433282,16.193216,6.0
1556937056999,92.8158407693,127.4184487,36.433442,16.308405,6.0
1556937057999,92.0430732708,127.4184955,36.4335944,16.404501,6.0
1556937058999,91.5202617315,127.4185443,36.4337509,16.420994,6.0
1556937059999,91.1915470548,127.4185927,36.4339044,16.323187,6.0
1556937060999,90.9455704301,127.4186351,36.434052,16.453476,6.0
1556937061999,90.8566753864,127.4186764,36.4342031,17.25782,4.0
1556937062999,90.8366391277,127.4187198,36.4343624,17.886305,4.0
1556937063999,90.822106282,127.4187637,36.434523,18.089771,4.0
1556937064999,90.8664962292,127.4188109,36.4346909,19.999271,4.0
1556937065999,90.9184251718,127.4188644,36.4348657,19.70953,6.0
1556937066999,90.9919986065,127.4189163,36.4350387,19.754988,6.0
1556937067999,91.254824052,127.418969,36.4352196,20.516943,6.0
1556937068999,91.4916835751,127.4190225,36.4353985,19.736864,6.0
1556937069999,91.6372398736,127.4190757,36.4355698,19.31521,6.0
1556937070999,91.7200462169,127.4191282,36.4357435,20.062716,6.0
1556937071999,91.8074287773,127.4191823,36.43592,19.755404,6.0
1556937072999,91.8273192159,127.4192315,36.4360951,19.890564,6.0
1556937073999,91.8971505155,127.4192826,36.4362755,20.228868,6.0
1556937074999,91.9512303753,127.4193311,36.4364523,19.546814,6.0
1556937075999,92.0107420226,127.4193831,36.4366531,21.031115,6.0
1556937076999,92.0823408139,127.4194387,36.4368716,21.8971,6.0
1556937077999,92.1516496913,127.41949,36.4370797,22.190475,6.0
1556937078999,92.199294618,127.4195367,36.4372819,21.542622,6.0
1556937079999,92.2597646835,127.419582,36.4374879,22.54934,6.0
1556937080999,92.3322188127,127.4196255,36.4377032,23.525433,6.0
1556937081999,92.3943653204,127.4196713,36.4379228,23.926146,6.0
1556937082999,92.4702254967,127.419715,36.4381368,23.563993,6.0
1556937083999,92.4336586266,127.419757,36.4383491,23.439178,6.0
1556937084999,92.4035978427,127.4197952,36.4385592,23.346325,6.0
1556937085999,92.4824036659,127.4198285,36.4387679,23.009497,4.0
1556937086999,92.5874161379,127.4198578,36.4389757,22.985823,4.0
1556937087999,92.8556905023,127.4198822,36.4391844,22.81448,4.0
1556937088999,93.1078538278,127.4199035,36.4393919,23.013971,4.0
1556937089999,93.6101802907,127.4199227,36.4396006,22.77524,4.0
1556937090999,94.0336673938,127.4199345,36.439804,22.615421,4.0
1556937091999,94.4136809613,127.4199455,36.4400115,22.84336,4.0
1556937092999,94.8787621107,127.4199538,36.4402189,22.757141,4.0
1556937093999,95.3096991081,127.4199574,36.4404251,22.947464,4.0
1556937094999,95.6949962691,127.4199598,36.4406304,22.490217,4.0
1556937095999,96.0746054968,127.4199567,36.4408329,22.818544,4.0
1556937096999,96.3806588253,127.4199551,36.4410367,22.578697,4.0
1556937097999,96.6294559104,127.4199491,36.4412386,22.365366,4.0
1556937098999,96.8802625762,127.4199387,36.4414399,22.554045,4.0
1556937099999,97.1035191522,127.4199256,36.4416428,22.320847,4.0
1556937100999,97.2822363032,127.4199094,36.4418443,22.742353,4.0
1556937101999,97.4456643701,127.4198931,36.4420462,22.630877,6.0
1556937102999,97.5756315167,127.4198768,36.442249,22.842102,6.0
1556937103999,97.5761811346,127.4198577,36.4424529,22.910112,6.0
1556937104999,97.5905806907,127.4198361,36.4426612,22.75066,6.0
1556937105999,97.5772422193,127.4198119,36.4428657,22.479122,6.0
1556937106999,97.2638615156,127.4197823,36.4430647,23.183838,6.0
1556937107999,96.8412529083,127.4197489,36.4432644,23.58621,6.0
1556937108999,96.3565114825,127.4197158,36.4434696,23.529652,6.0
1556937109999,95.8668579323,127.4196824,36.4436799,23.435722,4.0
1556937110999,95.3888910369,127.4196438,36.4438876,23.321505,4.0
1556937111999,95.0072288924,127.4196054,36.4440951,23.283443,4.0
1556937112999,94.7273683125,127.4195621,36.4443043,23.714622,4.0
1556937113999,94.5167524777,127.4195142,36.4445146,23.616703,4.0
1556937114999,94.2343255661,127.4194658,36.4447298,24.114483,4.0
1556937115999,94.020158656,127.4194178,36.4449489,24.461496,6.0
1556937116999,93.9642846038,127.419369,36.4451658,23.995901,6.0
1556937117999,93.7513680539,127.419322,36.4453789,22.707245,4.0
1556937118999,93.5875433687,127.4192752,36.4455782,22.333305,4.0
1556937119999,93.4232262779,127.4192295,36.4457771,22.215654,4.0
1556937120999,93.4290715151,127.4191829,36.4459754,22.195225,4.0
1556937121999,93.4566768492,127.4191352,36.4461711,22.34737,4.0
1556937122999,93.4835594477,127.4190868,36.4463725,22.552345,4.0
1556937123999,93.5004577347,127.4190381,36.4465745,22.370157,4.0
1556937124999,93.4733523135,127.4189865,36.4467801,23.412685,6.0
1556937125999,93.2710949581,127.418935,36.4469836,23.090754,8.0
1556937126999,93.1127088158,127.4188816,36.4471884,23.872723,8.0
1556937127999,92.8429737317,127.4188327,36.4474005,24.29738,8.0
1556937128999,93.2186722306,127.4190745,36.4475031,22.951689,32.0
1556937129999,93.4711694834,127.4191196,36.4477299,25.826239,24.0
1556937130999,93.6652857567,127.4190742,36.447964,25.954937,16.0
1556937131999,93.7634937738,127.4190269,36.4481984,26.03868,16.0
1556937132999,93.884826268,127.4189622,36.4484378,26.318747,16.0
1556937133999,93.9868813184,127.4188915,36.4486785,26.164135,16.0
1556937134999,93.9002760542,127.4188251,36.4489184,26.039948,16.0
1556937135999,93.5798790394,127.4187571,36.4491623,26.783064,16.0
1556937136999,92.9886231595,127.4186653,36.4494546,26.977606,16.0
1556937137999,92.3859924863,127.4185804,36.4497242,26.945885,16.0
1556937138999,91.9485422291,127.4184917,36.4499751,26.648958,8.0
1556937139999,91.3514824766,127.4184235,36.4502234,26.67796,8.0
1556937140999,90.7698501878,127.4183596,36.4504659,26.499779,8.0
1556937141999,90.0478927367,127.4182963,36.4507068,26.359802,8.0
1556937142999,89.3687763333,127.4182294,36.450942,26.972313,8.0
1556937143999,88.7498478843,127.4181567,36.4511846,26.96241,8.0
1556937144999,88.1018082951,127.4180806,36.4514293,27.251806,8.0
1556937145999,87.475440541,127.4180216,36.4516608,26.717505,12.0
1556937146999,86.8259366008,127.4179713,36.451896,26.872145,16.0
1556937147999,86.2377921554,127.4179203,36.4521376,27.126526,16.0
1556937148999,85.6964856629,127.4178661,36.4523835,27.378637,16.0
1556937149999,85.1373158829,127.4178043,36.4526332,27.719147,16.0
1556937150999,84.5783032492,127.4177394,36.4528798,27.830252,16.0
1556937151999,84.0744788906,127.417673,36.453131,27.369915,16.0
1556937152999,83.6150824041,127.417606,36.4533887,28.074461,16.0
1556937153999,83.1598706551,127.4175384,36.4536458,28.224215,16.0
1556937154999,82.8000191209,127.4174664,36.4539112,28.377657,12.0
1556937155999,82.5127025949,127.4173928,36.454167,28.5096,12.0
1556937156999,82.4976017183,127.4173177,36.4544225,28.747612,12.0
1556937157999,82.5284594234,127.4172434,36.4546796,28.956867,12.0
1556937158999,82.4986008684,127.4171695,36.4549263,28.801023,12.0
1556937159999,82.404914434,127.4170959,36.455166,29.130201,12.0
1556937160999,82.4882358724,127.4170269,36.4554076,29.075459,8.0
1556937161999,82.5456944969,127.4169583,36.4556502,28.982489,8.0
1556937162999,82.6606721122,127.4168881,36.4558973,29.022654,8.0
1556937163999,82.7088009274,127.416819,36.4561463,28.715723,8.0
1556937164999,82.7215351171,127.4167517,36.456395,28.766226,6.0
1556937165999,82.711141714,127.4166821,36.4566477,29.357485,6.0
1556937166999,82.6347840772,127.4166134,36.4569029,29.01519,6.0
1556937167999,82.4844334447,127.4165503,36.4571572,29.121931,4.0
1556937168999,82.7151870047,127.4164833,36.4574127,29.362234,6.0
1556937169999,82.7792089467,127.4164165,36.4576698,29.498373,8.0
1556937170999,82.737177508,127.41635,36.4579288,29.861885,8.0
1556937171999,82.6066432964,127.4162866,36.4581905,29.78279,6.0
1556937172999,82.4204336442,127.4162227,36.4584532,29.945318,6.0
1556937173999,82.4335043032,127.4161574,36.458715,29.593765,6.0
1556937174999,82.4054475487,127.4160929,36.4589777,29.317482,6.0
1556937175999,82.3247124402,127.4160355,36.4592431,29.191616,8.0
1556937176999,82.2067879766,127.4159813,36.4595091,29.06768,8.0
1556937177999,82.0288620669,127.4159436,36.4597801,28.767447,12.0
1556937178999,81.8157688767,127.4159139,36.4600575,29.641066,12.0
1556937179999,81.5912366309,127.4159012,36.460343,30.180685,12.0
1556937180999,81.3338982614,127.415907,36.4606264,30.073677,8.0
1556937181999,81.0485800228,127.4159125,36.4609101,30.013653,8.0
1556937182999,80.7284606333,127.4159307,36.4611923,29.719652,8.0
1556937183999,80.4241778297,127.4159517,36.4614555,29.32072,6.0
1556937184999,80.1467054653,127.4159877,36.4617108,28.904232,6.0
1556937185999,79.8447390424,127.4160375,36.461969,29.635971,6.0
1556937186999,79.5909567947,127.4161015,36.462227,29.72663,6.0
1556937187999,79.3438422111,127.416177,36.4624865,29.60833,6.0
1556937188999,79.1651198247,127.4162625,36.4627467,29.344524,6.0
1556937189999,79.0224121052,127.4163595,36.4629996,28.82356,6.0
1556937190999,78.9672950893,127.4164652,36.4632489,29.299011,6.0
1556937191999,78.9821047686,127.4165851,36.4634936,28.951248,6.0
1556937192999,79.0818298625,127.4167185,36.4637347,28.60858,6.0
1556937193999,79.7965894761,127.4168551,36.4639735,28.602793,6.0
1556937194999,80.3672570582,127.4170004,36.4642021,28.440775,6.0
1556937195999,80.9204236213,127.4171535,36.4644296,28.480358,6.0
1556937196999,81.3816092869,127.4173231,36.4646518,28.416893,6.0
1556937197999,81.7968360001,127.4174913,36.464867,28.260977,6.0
1556937198999,82.1556240589,127.4176757,36.4650733,28.226221,6.0
1556937199999,82.4217691741,127.4178653,36.4652763,28.122486,6.0
1556937200999,82.6935569344,127.4180606,36.4654758,27.708803,6.0
1556937201999,82.9493754443,127.4182616,36.4656656,27.945614,6.0
1556937202999,83.1765118301,127.418469,36.4658565,27.61747,6.0
1556937203999,83.3383364518,127.4186813,36.466038,27.685709,6.0
1556937204999,83.428693542,127.418896,36.4662176,27.659245,6.0
1556937205999,83.4680943196,127.4191174,36.4663918,26.976765,8.0
1556937206999,83.4733505038,127.4193396,36.4665586,26.365835,8.0
1556937207999,83.5085858625,127.4195588,36.4667196,26.80707,8.0
1556937208999,83.6941654056,127.4197865,36.4668745,26.298128,8.0
1556937209999,83.945039751,127.4200142,36.4670176,24.722198,8.0
1556937210999,84.2082414863,127.4202367,36.4671445,24.871973,8.0
1556937211999,84.4721928787,127.4204534,36.4672707,24.429214,8.0
1556937212999,84.7200692505,127.420672,36.4673929,23.552975,8.0
1556937213999,84.9404879764,127.4208948,36.467511,23.666853,8.0
1556937214999,85.1125914484,127.4211147,36.46763,23.6575,6.0
1556937215999,85.3583905395,127.4213295,36.4677475,23.8055,6.0
1556937216999,85.648038667,127.4215439,36.4678654,23.90606,6.0
1556937217999,85.9411279793,127.4217587,36.4679899,24.3242,6.0
1556937218999,86.2593676329,127.4219788,36.4681183,24.577513,4.0
1556937219999,86.5628075038,127.4222057,36.4682491,24.852407,4.0
1556937220999,86.8380022328,127.4224364,36.4683813,25.407785,4.0
1556937221999,87.0494001792,127.4226691,36.4685117,25.758444,4.0
1556937222999,87.198347452,127.4229034,36.4686438,26.358274,4.0
1556937223999,87.4933605153,127.4231494,36.4687712,26.73012,4.0
1556937224999,87.8582399742,127.4233932,36.468902,26.798933,4.0
1556937225999,88.2516852394,127.4236384,36.4690344,26.887144,4.0
1556937226999,88.6680104291,127.4238896,36.4691701,27.066027,4.0
1556937227999,89.0768346507,127.4241405,36.469308,27.424068,4.0
1556937228999,89.5078509667,127.4243926,36.4694467,27.368168,4.0
1556937229999,89.9352525924,127.4246473,36.4695862,27.746431,4.0
1556937230999,90.3186440909,127.4249007,36.4697248,27.766468,4.0
1556937231999,90.6516234457,127.4251538,36.4698624,28.107754,4.0
1556937232999,90.9516317574,127.4254101,36.470004,28.092121,4.0
1556937233999,91.2191290249,127.4256647,36.470147,27.841093,4.0
1556937234999,91.7459241108,127.4259127,36.4702892,27.4536,4.0
1556937235999,92.1914544312,127.4261602,36.4704292,27.313114,4.0
1556937236999,92.5979241922,127.4264055,36.4705718,27.1532,4.0
1556937237999,92.9969914691,127.4266447,36.4707176,26.923403,4.0
1556937238999,93.342152402,127.4268729,36.4708708,26.816175,6.0
1556937239999,93.6642558804,127.4270989,36.4710343,26.713863,6.0
1556937240999,93.9410582368,127.4273107,36.4712025,26.543713,6.0
1556937241999,94.2121041998,127.4275139,36.4713763,26.728313,6.0
1556937242999,94.4878615008,127.4277097,36.4715552,26.731897,6.0
1556937243999,94.763545919,127.4278971,36.4717387,26.10958,6.0
1556937244999,95.026472699,127.4280789,36.4719246,26.126717,6.0
1556937245999,95.2990251455,127.428261,36.4721214,25.991833,12.0
1556937246999,95.5089273726,127.4284181,36.4723283,26.11305,6.0
1556937247999,95.6041247402,127.4285626,36.4725365,25.617924,8.0
1556937248999,95.6217750953,127.4286998,36.4727532,25.939087,8.0
1556937249999,95.619397668,127.4288267,36.4729783,26.237923,8.0
1556937250999,95.6012293433,127.4289381,36.4732094,26.298765,6.0
1556937251999,95.5813719027,127.429033,36.4734454,26.447155,6.0
1556937252999,95.524859074,127.4291209,36.4736769,26.765789,6.0
1556937253999,95.4643795558,127.4292126,36.4739141,27.265402,6.0
1556937254999,95.3939153544,127.4292914,36.4741572,26.98691,6.0
1556937255999,95.3134546811,127.429364,36.4743983,26.775229,6.0
1556937256999,95.3297942474,127.429433,36.4746388,27.141907,6.0
1556937257999,95.3431727352,127.4294956,36.4748788,27.276886,6.0
1556937258999,95.4235845078,127.4295634,36.4751175,27.275146,4.0
1556937259999,95.5144890586,127.4296217,36.4753568,27.504307,4.0
1556937260999,95.6424143776,127.4296846,36.4755958,27.351795,4.0
1556937261999,95.7803449106,127.4297443,36.4758387,27.745924,6.0
1556937262999,95.9481659953,127.4298088,36.476085,27.485,6.0
1556937263999,96.1388574128,127.4298744,36.4763311,27.600317,6.0
1556937264999,96.320205881,127.4299345,36.4765687,27.32777,6.0
1556937265999,96.4839123986,127.4299928,36.4768071,27.345104,4.0
1556937266999,96.6466873651,127.4300545,36.4770474,27.030796,4.0
1556937267999,96.8427554615,127.4301175,36.477285,26.959654,6.0
1556937268999,97.2265936425,127.4301647,36.4775115,26.718916,6.0
1556937269999,97.7606059999,127.4302233,36.4777368,26.731548,6.0
1556937270999,98.2382827523,127.4302869,36.4779607,26.115131,6.0
1556937271999,98.6507425192,127.4303563,36.478185,26.02796,6.0
1556937272999,99.0123610285,127.4304234,36.4784067,26.139542,4.0
1556937273999,99.3618255781,127.4304907,36.4786322,26.529652,4.0
1556937274999,99.6789746712,127.4305545,36.4788637,26.263813,6.0
1556937275999,99.9410060002,127.4306151,36.4790957,26.28084,6.0
1556937276999,100.178310554,127.4306683,36.479327,26.327343,6.0
1556937277999,100.410984015,127.4307077,36.4795573,26.249723,6.0
1556937278999,100.664809523,127.4307417,36.4797878,26.332783,4.0
1556937279999,100.964397207,127.430773,36.4800268,26.359837,4.0
1556937280999,101.247047249,127.4307941,36.4802684,26.608263,6.0
1556937281999,100.897063281,127.4308134,36.480511,26.452105,6.0
1556937282999,100.590260362,127.4308273,36.4807551,26.504772,8.0
1556937283999,100.333295337,127.430838,36.4809983,26.481009,8.0
1556937284999,100.111557918,127.4308376,36.481244,25.16541,8.0
1556937285999,99.9086047994,127.4308268,36.4814797,25.263136,8.0
1556937286999,99.7412517369,127.4308079,36.4817173,25.061926,8.0
1556937287999,99.6055583578,127.4307876,36.481955,26.169357,8.0
1556937288999,99.4266812932,127.430767,36.4821932,26.631678,8.0
1556937289999,99.25756401,127.4307437,36.4824345,27.160461,8.0
1556937290999,99.1677545155,127.4307189,36.482678,27.440126,8.0
1556937291999,98.6323761922,127.4306978,36.4829204,27.45223,4.0
1556937292999,97.4358780397,127.4306767,36.4831619,27.696564,4.0
1556937293999,96.3067021142,127.4306527,36.4834056,27.686611,4.0
1556937294999,95.3557960537,127.4306281,36.4836478,27.925594,4.0
1556937295999,94.5578866284,127.4306065,36.4838934,28.00946,4.0
1556937296999,93.7217604538,127.4305861,36.4841431,28.138964,4.0
1556937297999,93.0626601155,127.4305636,36.4843916,28.107054,4.0
1556937298999,92.5332968905,127.4305417,36.4846419,28.12533,4.0
1556937299999,92.0719055861,127.4305208,36.4848941,28.056515,4.0
1556937300999,91.6346989816,127.4304998,36.4851453,28.157232,4.0
1556937301999,91.1442635894,127.4304797,36.4853981,28.390509,4.0
1556937302999,90.704637163,127.4304605,36.4856536,28.62926,4.0
1556937303999,90.3306502936,127.4304429,36.4859135,28.619102,4.0
1556937304999,90.0009984036,127.4304231,36.4861714,28.579336,4.0
1556937305999,89.7031878633,127.430404,36.4864286,28.516718,4.0
1556937306999,89.3982131721,127.4303847,36.4866853,28.57902,4.0
1556937307999,89.1107464035,127.4303665,36.4869429,28.493473,4.0
1556937308999,88.8369891567,127.4303472,36.4872001,28.517212,4.0
1556937309999,88.6004472154,127.4303298,36.4874582,28.534864,4.0
1556937310999,88.328567638,127.4303128,36.4877163,28.374592,4.0
1556937311999,88.0962393112,127.4302952,36.4879734,28.22304,4.0
1556937312999,87.883268037,127.430278,36.4882288,28.074142,4.0
1556937313999,87.6954337979,127.4302615,36.4884852,28.473137,4.0
1556937314999,87.5135848733,127.4302443,36.4887436,28.676874,4.0
1556937315999,87.3450593388,127.4302267,36.4890042,28.893597,4.0
1556937316999,87.1817002125,127.4302091,36.4892672,29.192827,4.0
1556937317999,86.9955878949,127.4301922,36.4895309,29.18879,4.0
1556937318999,86.8101700036,127.430175,36.489795,29.237673,4.0
1556937319999,86.5847463146,127.4301572,36.4900599,29.42043,4.0
1556937320999,86.3658106859,127.4301359,36.4903234,29.469538,4.0
1556937321999,86.1285807926,127.4301143,36.4905904,29.654808,4.0
1556937322999,85.9017527188,127.4300961,36.4908589,29.894081,4.0
1556937323999,85.6758259659,127.4300766,36.4911294,29.843,4.0
1556937324999,85.4644098152,127.4300585,36.4913994,30.015709,4.0
1556937325999,85.3111766292,127.4300382,36.4916707,29.965292,4.0
1556937326999,85.1967742701,127.4300181,36.4919417,29.953,4.0
1556937327999,85.063136466,127.4300008,36.4922111,29.777258,4.0
1556937328999,84.9175793815,127.429982,36.4924807,30.060404,4.0
1556937329999,85.0051485079,127.4299589,36.4927494,29.654161,4.0
1556937330999,85.1725249533,127.4299387,36.4930145,29.226294,4.0
1556937331999,85.3419804632,127.4299177,36.4932766,29.175777,4.0
1556937332999,85.4700984051,127.429898,36.4935369,28.890894,4.0
1556937333999,85.5908797578,127.4298782,36.4937989,29.36163,4.0
1556937334999,85.6873401771,127.429859,36.4940611,29.14307,4.0
1556937335999,85.7909485986,127.4298419,36.4943225,29.003315,4.0
1556937336999,85.9347431637,127.4298231,36.4945802,28.559792,4.0
1556937337999,86.0598060238,127.4298075,36.4948364,28.441694,4.0
1556937338999,86.183557733,127.4297904,36.4950904,28.407562,4.0
1556937339999,86.3436033344,127.4297743,36.4953436,28.27744,4.0
1556937340999,86.5389216212,127.4297577,36.4955973,28.070435,4.0
1556937341999,86.7593535453,127.4297383,36.4958492,28.00901,4.0
1556937342999,86.9168357658,127.4297184,36.4960998,27.95573,4.0
1556937343999,86.9538981497,127.4297013,36.4963503,27.807613,4.0
1556937344999,86.999560002,127.4296848,36.4965984,27.206684,4.0
1556937345999,86.9964245046,127.4296667,36.496843,27.210283,4.0
1556937346999,86.9614737353,127.4296489,36.4970884,27.414557,4.0
1556937347999,86.8932109803,127.4296316,36.4973342,27.27874,4.0
1556937348999,86.8239713968,127.4296134,36.4975783,27.231417,4.0
1556937349999,86.7892166883,127.4295935,36.4978225,27.039892,4.0
1556937350999,86.7877037919,127.4295762,36.498064,26.72057,4.0
1556937351999,86.7549189475,127.4295585,36.4983026,26.541922,4.0
1556937352999,86.7171364428,127.4295391,36.4985401,26.24159,4.0
1556937353999,86.7271150348,127.4295194,36.4987756,26.298738,4.0
1556937354999,86.6860229934,127.4295008,36.4990102,26.112782,4.0
1556937355999,86.6680278776,127.4294852,36.4992447,26.18069,4.0
1556937356999,86.6101411042,127.4294708,36.4994801,26.234808,4.0
1556937357999,86.5489418183,127.4294557,36.4997161,26.318352,4.0
1556937358999,86.4744998396,127.4294386,36.4999517,26.370573,4.0
1556937359999,86.401892826,127.4294215,36.5001884,26.437122,4.0
1556937360999,86.2960894202,127.4294039,36.5004257,26.653246,4.0
1556937361999,86.1879938798,127.4293881,36.5006643,26.710346,4.0
1556937362999,86.0872299979,127.4293713,36.500904,26.84669,4.0
1556937363999,85.9736508534,127.4293564,36.5011459,26.94199,4.0
1556937364999,85.8482665071,127.4293395,36.5013881,26.938025,4.0
1556937365999,85.7364475452,127.4293224,36.5016308,27.152828,4.0
1556937366999,85.7233358518,127.4293062,36.501875,27.221209,4.0
1556937367999,85.6296392228,127.429291,36.5021205,27.230024,4.0
1556937368999,85.5253872343,127.4292727,36.5023663,27.354113,4.0
1556937369999,85.4603907673,127.4292535,36.5026133,27.608707,4.0
1556937370999,85.4237972465,127.4292357,36.5028624,27.834663,4.0
1556937371999,85.3516112911,127.4292187,36.5031119,27.859514,4.0
1556937372999,85.2619643852,127.4292014,36.5033621,27.94891,4.0
1556937373999,85.1407946625,127.4291825,36.5036149,28.220537,4.0
1556937374999,85.0476567949,127.4291655,36.5038696,28.298656,4.0
1556937375999,85.0353993953,127.4291453,36.5041237,28.1672,4.0
1556937376999,85.0441206529,127.4291269,36.5043764,27.974987,4.0
1556937377999,85.0928115234,127.4291077,36.5046271,27.922215,4.0
1556937378999,85.1779251599,127.4290886,36.5048777,27.942764,4.0
1556937379999,85.4052361273,127.4290689,36.5051299,28.061092,4.0
1556937380999,85.6856805305,127.4290512,36.505383,28.15113,4.0
1556937381999,85.9127385254,127.4290329,36.5056367,28.163511,4.0
1556937382999,86.1269546382,127.4290124,36.5058903,28.308022,4.0
1556937383999,86.322682275,127.4289931,36.5061436,28.045057,4.0
1556937384999,86.5584487803,127.428974,36.5063967,28.284678,4.0
1556937385999,86.7592876222,127.4289557,36.5066511,28.323355,4.0
1556937386999,86.9304017631,127.4289368,36.5069054,28.21015,4.0
1556937387999,87.1110347351,127.4289184,36.5071586,28.215794,4.0
1556937388999,87.2863615186,127.4288994,36.5074126,28.41798,4.0
1556937389999,87.4558395149,127.4288807,36.507667,28.272549,4.0
1556937390999,87.6183779302,127.4288618,36.5079205,28.22085,4.0
1556937391999,87.7913641608,127.4288426,36.5081739,28.196823,4.0
1556937392999,87.9536856565,127.4288224,36.5084279,28.440933,4.0
1556937393999,88.0958268568,127.4288042,36.5086826,28.280746,4.0
1556937394999,88.2525107713,127.4287859,36.5089364,28.195642,4.0
1556937395999,88.4009813272,127.4287681,36.5091896,28.176525,4.0
1556937396999,88.5688943455,127.4287557,36.5094418,28.04032,4.0
1556937397999,88.7361866593,127.4287479,36.5096941,28.11617,4.0
1556937398999,88.9153250945,127.4287454,36.5099459,27.847837,4.0
1556937399999,89.0936524232,127.4287471,36.5101985,28.138687,4.0
1556937400999,89.3684899895,127.4287582,36.5104494,27.589643,4.0
1556937401999,89.6189087496,127.4287816,36.5106983,27.713408,4.0
1556937402999,89.6562767752,127.4288097,36.5109488,27.997227,4.0
1556937403999,89.7126591031,127.428844,36.5112001,28.136898,6.0
1556937404999,89.8233377271,127.4288814,36.5114518,28.130878,4.0
1556937405999,89.921441751,127.4289233,36.5117028,28.005856,4.0
1556937406999,90.028414378,127.4289602,36.5119528,27.816671,6.0
1556937407999,90.1417819896,127.4289993,36.5122015,27.942078,4.0
1556937408999,90.275475844,127.4290419,36.5124506,27.927975,4.0
1556937409999,90.4583914654,127.4290875,36.5127039,28.149242,4.0
1556937410999,90.6896076475,127.4291277,36.5129564,27.869738,4.0
1556937411999,90.9515338994,127.4291672,36.5132087,28.011358,4.0
1556937412999,91.1721221234,127.4292024,36.5134588,27.934221,4.0
1556937413999,91.4060667721,127.4292356,36.5137082,27.787449,4.0
1556937414999,91.6632485349,127.4292703,36.5139571,27.93714,4.0
1556937415999,91.8916750647,127.4293066,36.5142066,27.783606,4.0
1556937416999,92.0961756935,127.4293436,36.514455,27.676308,4.0
1556937417999,92.2927576971,127.429387,36.5147024,27.869326,6.0
1556937418999,92.5256602417,127.4294275,36.5149511,27.904535,4.0
1556937420000,92.7583675915,127.4294682,36.5152004,27.9885,4.0
1556937421000,93.0338043298,127.429511,36.5154525,27.85218,4.0
1556937422000,93.3120230736,127.4295529,36.5157055,28.085533,4.0
1556937423000,93.5515562941,127.4295886,36.5159567,28.033226,6.0
1556937424000,93.7624093678,127.4296256,36.5162086,28.271051,6.0
1556937425000,93.9638237845,127.4296676,36.5164605,28.250513,4.0
1556937426000,94.1377345567,127.4297082,36.5167133,28.45314,4.0
1556937427000,94.3391591586,127.4297514,36.5169662,28.366777,4.0
1556937428000,94.5574249905,127.4297932,36.5172185,28.352308,4.0
1556937429000,94.782954884,127.4298458,36.5174693,28.305983,6.0
1556937430000,95.0350366848,127.4299098,36.5177186,28.272545,6.0
1556937431000,95.3195412183,127.4299831,36.5179671,28.338442,4.0
1556937432000,95.6214021737,127.4300535,36.5182152,28.143137,4.0
1556937433000,95.9433063992,127.4301412,36.5184609,28.644234,4.0
1556937434000,96.2479849168,127.4302448,36.5187045,29.104116,4.0
1556937435000,96.5286163228,127.4303713,36.5189442,29.102116,4.0
1556937436000,96.7528358492,127.4305067,36.519181,28.701649,4.0
1556937437000,97.0080126084,127.4306546,36.5194109,28.713886,4.0
1556937438000,97.0922987084,127.4308068,36.5196448,28.829124,6.0
1556937439000,97.193916473,127.4309599,36.5198765,28.852797,6.0
1556937440000,97.3058243257,127.4311109,36.5201059,28.647835,6.0
1556937441000,97.3507111431,127.4312709,36.5203309,28.42008,6.0
1556937442000,97.3905713879,127.4314319,36.5205567,28.910904,6.0
1556937443000,97.2408399444,127.4315939,36.5207833,28.580185,6.0
1556937444000,97.1921110473,127.4317505,36.5210074,28.496374,6.0
1556937445000,97.162295031,127.4319054,36.5212311,28.291737,4.0
1556937446000,97.1201133149,127.4320562,36.5214551,28.262442,4.0
1556937447000,97.0712439925,127.4321954,36.5216828,27.758389,4.0
1556937448000,97.046277257,127.4323242,36.5219039,27.155312,4.0
1556937449000,97.0332718106,127.432435,36.5221293,27.607111,4.0
1556937450000,97.0277137671,127.432534,36.522367,27.901653,4.0
1556937451000,97.0701959916,127.4326177,36.5226081,27.915897,4.0
1556937452000,97.0898198309,127.4326799,36.5228598,27.639124,4.0
1556937453000,97.1430308783,127.4327281,36.5231077,27.518555,4.0
1556937454000,97.2130720592,127.4327653,36.5233608,28.24112,4.0
1556937455000,97.2860667324,127.4327865,36.5236151,27.95604,4.0
1556937456000,97.4073260702,127.4327933,36.5238697,28.633745,4.0
1556937457000,97.4765055793,127.4327917,36.5241222,27.471869,4.0
1556937458000,97.6369914032,127.4327752,36.5243728,27.699291,4.0
1556937459000,97.8243010652,127.4327491,36.5246227,27.922613,4.0
1556937460000,97.9902872425,127.4327115,36.5248779,28.630138,4.0
1556937461000,98.2184375672,127.4326629,36.5251303,27.732983,4.0
1556937462000,98.4282128047,127.4325958,36.5253773,27.940847,4.0
1556937463000,98.6355457619,127.4325135,36.5256177,27.510277,4.0
1556937464000,98.8250128638,127.4324209,36.5258535,27.632467,4.0
1556937465000,98.9800242379,127.4323191,36.5260894,28.066639,4.0
1556937466000,99.2367225069,127.4322084,36.5263192,27.406292,4.0
1556937467000,99.3975333204,127.4320892,36.5265459,27.569435,4.0
1556937468000,99.5069201588,127.4319676,36.526774,27.80829,4.0
1556937469000,99.6069067394,127.4318425,36.5270014,27.508383,6.0
1556937470000,99.6873072994,127.4317189,36.5272295,27.880945,6.0
1556937471000,99.7568128598,127.4315988,36.5274606,28.111814,6.0
1556937472000,99.7796859159,127.4314773,36.5276959,28.269533,6.0
1556937473000,99.7873369467,127.4313553,36.5279317,28.239231,6.0
1556937474000,99.7661745207,127.4312348,36.5281692,28.562786,6.0
1556937475000,99.733736127,127.4311162,36.5284086,28.969563,6.0
1556937476000,99.7220060669,127.4309992,36.528647,28.49982,6.0
1556937477000,99.7479871653,127.4308817,36.5288841,28.365389,4.0
1556937478000,99.7974737697,127.4307675,36.5291211,28.125338,4.0
1556937479000,99.8818153355,127.4306596,36.5293588,28.070808,4.0
1556937480000,99.9649175281,127.430552,36.5295971,28.26428,4.0
1556937481000,99.9825554295,127.4304423,36.5298374,28.446848,4.0
1556937482000,99.9490847826,127.4303523,36.5300818,28.457102,4.0
1556937483000,99.9005126574,127.4302804,36.5303289,28.118677,4.0
1556937484000,99.7269006409,127.4302299,36.5305821,27.788479,4.0
1556937485000,99.5755928652,127.4301841,36.5308315,27.468704,6.0
1556937486000,99.4659096182,127.4301537,36.5310831,27.882317,4.0
1556937487000,99.3404279525,127.4301415,36.5313345,27.389526,4.0
1556937488000,99.2933789082,127.4301382,36.5315787,26.762222,4.0
1556937489000,99.3185753535,127.4301442,36.5318222,27.652874,4.0
1556937490000,99.4366646543,127.4301643,36.5320674,27.508076,4.0
1556937491000,99.508620948,127.4301911,36.5323135,27.557407,4.0
1556937492000,99.8639584601,127.4302205,36.5325559,27.298717,4.0
1556937493000,100.158606013,127.4302521,36.5327997,27.408195,4.0
1556937494000,100.334464008,127.4302842,36.5330443,27.122835,4.0
1556937495000,100.433903392,127.4303172,36.533287,27.214092,4.0
1556937496000,100.59437731,127.4303513,36.5335319,27.61477,4.0
1556937497000,100.761482557,127.430381,36.5337758,27.311117,4.0
1556937498000,100.908633133,127.4304126,36.5340182,27.612349,6.0
1556937499000,100.961714326,127.4304486,36.5342662,27.671715,6.0
1556937500000,101.081158667,127.4304833,36.5345151,27.849514,6.0
1556937501000,101.287873628,127.4305171,36.5347658,27.889162,4.0
1556937502000,101.522851361,127.4305519,36.5350172,27.980719,4.0
1556937503000,101.759425467,127.4305852,36.5352687,27.925283,4.0
1556937504000,101.957554783,127.4306122,36.5355166,27.846651,4.0
1556937505000,102.097443881,127.4306416,36.5357653,27.99461,4.0
1556937506000,102.22767483,127.4306737,36.5360153,28.232285,4.0
1556937507000,102.366095622,127.4307109,36.5362685,28.166828,4.0
1556937508000,102.52491964,127.4307462,36.5365219,28.257164,4.0
1556937509000,102.685767321,127.4307823,36.5367761,28.327284,4.0
1556937510000,102.836503296,127.4308137,36.537029,28.393225,6.0
1556937511000,102.994137825,127.4308473,36.5372824,28.427296,6.0
1556937512000,103.157846839,127.4308807,36.5375378,28.666914,6.0
1556937513000,103.325841165,127.4309153,36.5377949,28.663712,6.0
1556937514000,103.506251568,127.4309502,36.5380505,28.345978,4.0
1556937515000,103.711022427,127.4309853,36.538302,28.060461,4.0
1556937516000,103.999715695,127.4310205,36.5385512,27.941034,4.0
1556937517000,104.290186928,127.4310557,36.5388004,27.906816,4.0
1556937518000,104.548417991,127.4310897,36.5390475,27.493319,4.0
1556937519000,104.772011533,127.4311219,36.5392941,27.706367,4.0
1556937520000,104.960334832,127.4311536,36.5395417,27.434103,4.0
1556937521000,105.154289743,127.4311856,36.5397889,27.733166,4.0
1556937522000,105.348794467,127.4312182,36.5400361,27.547474,4.0
1556937523000,105.522147937,127.4312524,36.5402836,27.637854,4.0
1556937524000,105.749893767,127.4312855,36.5405315,27.720926,4.0
1556937525000,105.965452669,127.4313158,36.5407806,27.755692,4.0
1556937526000,106.180053598,127.4313498,36.5410293,27.829138,4.0
1556937527000,106.358097031,127.4313861,36.5412777,27.825737,4.0
1556937528000,106.455393215,127.431426,36.5415252,27.718803,4.0
1556937529000,106.562624328,127.4314634,36.5417728,27.759144,4.0
1556937530000,106.657619571,127.431502,36.5420206,27.701208,4.0
1556937531000,106.732681646,127.4315434,36.5422682,27.741194,4.0
1556937532000,106.793935353,127.4315831,36.5425174,27.813112,4.0
1556937533000,106.865126437,127.4316275,36.5427645,27.67073,4.0
1556937534000,106.887209454,127.4316754,36.5430101,27.460133,4.0
1556937535000,106.776104291,127.4317293,36.5432575,27.702654,4.0
1556937536000,106.726481682,127.4317872,36.5435042,27.687817,4.0
1556937537000,106.691089041,127.4318444,36.5437487,27.64912,4.0
1556937538000,106.6809891,127.4318973,36.5439919,27.536392,4.0
1556937539000,106.691545575,127.431959,36.5442327,27.103836,4.0
1556937540000,106.732530843,127.4320224,36.5444736,26.900492,4.0
1556937541000,106.696330523,127.4320805,36.5447141,27.70481,4.0
1556937542000,106.718606612,127.4321423,36.5449616,27.698868,4.0
1556937543000,106.800561917,127.4321989,36.5452093,27.34146,4.0
1556937544000,106.932161414,127.4322513,36.5454557,27.248533,4.0
1556937545000,107.102383554,127.4322954,36.5457033,27.43312,6.0
1556937546000,107.313927452,127.4323349,36.5459519,27.297905,6.0
1556937547000,107.553632535,127.4323637,36.5461942,26.596523,4.0
1556937548000,107.824901529,127.4323849,36.5464359,26.964323,4.0
1556937549000,108.11007685,127.432402,36.546684,27.15068,4.0
1556937550000,108.44720911,127.432406,36.5469315,27.199726,4.0
1556937551000,108.793980699,127.4324041,36.5471797,27.33931,4.0
1556937552000,109.265561185,127.4324005,36.5474309,27.289036,4.0
1556937553000,109.753709959,127.432386,36.5476819,27.92354,4.0
1556937554000,110.229368379,127.4323623,36.5479301,27.54796,4.0
1556937555000,110.650536933,127.4323288,36.5481738,27.306305,4.0
1556937556000,111.026343411,127.4323034,36.5484199,27.839937,4.0
1556937557000,111.413328782,127.4322781,36.5486721,27.662321,6.0
1556937558000,111.84163591,127.4322454,36.5489231,27.678707,8.0
1556937559000,112.259036027,127.4322124,36.5491747,27.722717,6.0
1556937560000,112.733597629,127.4321789,36.5494282,27.76702,6.0
1556937561000,113.040815088,127.4321425,36.5496782,27.710518,6.0
1556937562000,113.196328052,127.4321066,36.5499265,27.863358,6.0
1556937563000,113.501589778,127.4320635,36.5501708,27.725777,6.0
1556937564000,113.68889398,127.4320179,36.5504116,27.554941,6.0
1556937565000,113.75346976,127.4319778,36.5506525,27.104927,6.0
1556937566000,113.832741461,127.4319513,36.5508976,27.111887,6.0
1556937567000,113.932256563,127.4319317,36.5511425,26.638071,6.0
1556937568000,114.002688116,127.4319275,36.5513942,27.341776,6.0
1556937569000,114.047305925,127.4319327,36.5516489,27.953,6.0
1556937570000,114.181566559,127.4319418,36.5519062,27.858967,6.0
1556937571000,114.40778175,127.4319588,36.552159,27.562698,4.0
1556937572000,114.841507474,127.4319853,36.5524041,27.41946,4.0
1556937573000,115.078732363,127.4320256,36.5526519,27.381145,4.0
1556937574000,115.194006146,127.4320685,36.5528965,27.229431,4.0
1556937575000,114.869917347,127.4321091,36.5531408,27.356825,4.0
1556937576000,114.719150162,127.4321472,36.553386,27.3716,4.0
1556937577000,114.69231215,127.4321787,36.5536274,27.373388,4.0
1556937578000,114.812664541,127.4322127,36.5538663,27.05019,4.0
1556937579000,115.036156615,127.4322477,36.5541073,27.564972,6.0
1556937580000,115.221268145,127.4322839,36.5543514,27.59333,4.0
1556937581000,115.460731011,127.4323194,36.5545963,27.765799,6.0
1556937582000,115.626923421,127.4323542,36.5548419,27.616798,4.0
1556937583000,115.835985544,127.4323904,36.5550874,27.879236,4.0
1556937584000,116.065882606,127.4324276,36.5553337,27.638088,4.0
1556937585000,116.302015655,127.432465,36.5555803,27.879358,4.0
1556937586000,116.521635877,127.4325006,36.5558284,27.857275,6.0
1556937587000,116.725150491,127.432537,36.5560759,27.941137,4.0
1556937588000,116.952614566,127.4325738,36.5563244,27.95366,4.0
1556937589000,117.201745749,127.4326043,36.5565734,27.983683,4.0
1556937590000,117.416181421,127.4326289,36.5568215,27.952692,4.0
1556937591000,117.632481244,127.4326487,36.5570707,27.822968,4.0
1556937592000,117.88819114,127.4326711,36.5573264,27.70645,4.0
1556937593000,118.228152355,127.4326842,36.5575839,28.511942,4.0
1556937594000,118.621465921,127.4326867,36.55784,28.018509,4.0
1556937595000,119.033508688,127.4326704,36.5580899,27.472748,4.0
1556937596000,119.453735632,127.4326431,36.5583343,26.91872,6.0
1556937597000,119.890933431,127.4326084,36.5585738,26.869154,6.0
1556937598000,120.695811924,127.4325646,36.5588083,26.467957,6.0
1556937599000,121.407939991,127.4325139,36.5590433,26.331455,6.0
1556937600000,122.017389536,127.4324552,36.5592798,27.077065,8.0
1556937601000,122.49739243,127.4323844,36.5595169,26.802927,8.0
1556937602000,123.04345574,127.4323086,36.5597484,26.571922,8.0
1556937603000,123.661607774,127.4322393,36.5599818,26.631918,8.0
1556937604000,124.283292154,127.4321692,36.5602205,26.982525,6.0
1556937605000,124.903398232,127.4320996,36.5604618,27.010399,8.0
1556937606000,125.456639777,127.4320277,36.5607016,27.091076,8.0
1556937607000,125.974184743,127.4319538,36.5609402,27.198484,8.0
1556937608000,126.480767197,127.4318791,36.5611793,27.440866,8.0
1556937609000,127.12497248,127.4318044,36.5614176,27.121365,6.0
1556937610000,127.749325067,127.4317216,36.5616551,27.58709,6.0
1556937611000,127.778582942,127.431644,36.5618967,27.76144,6.0
1556937612000,127.826671963,127.4315663,36.5621388,27.977844,6.0
1556937613000,127.917825544,127.4314917,36.5623831,28.040054,6.0
1556937614000,128.091426649,127.4314165,36.5626271,28.103289,4.0
1556937615000,128.335667038,127.431338,36.5628727,28.326334,4.0
1556937616000,128.491717264,127.4312596,36.5631194,28.302216,4.0
1556937617000,128.628518081,127.4311807,36.5633665,28.465443,4.0
1556937618000,128.773249722,127.4311018,36.5636147,28.37343,4.0
1556937619000,128.908100399,127.4310236,36.5638601,28.089733,4.0
1556937620000,129.083760086,127.4309462,36.5641051,27.901794,4.0
1556937621000,129.263418933,127.4308695,36.5643492,27.865238,4.0
1556937622000,129.433308809,127.4307947,36.564591,27.29548,8.0
1556937623000,129.587295284,127.4307391,36.5648345,27.195557,8.0
1556937624000,129.724250684,127.4306742,36.5650756,27.254456,16.0
1556937625000,129.883877174,127.4306063,36.5653178,27.304743,16.0
1556937626000,130.15382805,127.4305292,36.5655575,27.23753,12.0
1556937627000,130.425234929,127.4304522,36.5657973,27.167824,12.0
1556937628000,131.05850396,127.4303811,36.5660372,27.273287,6.0
1556937629000,131.574471981,127.4303081,36.5662767,27.460068,6.0
1556937630000,132.048073295,127.4302358,36.5665185,27.538603,6.0
1556937631000,132.40513172,127.4301617,36.5667578,27.406242,6.0
1556937632000,132.653819921,127.4300895,36.5669973,27.255701,4.0
1556937633000,132.88703895,127.430015,36.5672382,27.584644,4.0
1556937634000,133.146072734,127.4299421,36.5674805,27.617584,4.0
1556937635000,133.374005162,127.429872,36.5677231,27.670403,4.0
1556937636000,133.608025227,127.4297947,36.5679632,27.445436,6.0
1556937637000,133.793047504,127.4297198,36.5682013,27.527191,6.0
1556937638000,133.946010979,127.4296468,36.5684376,26.976894,4.0
1556937639000,134.121029117,127.429576,36.5686739,27.195673,4.0
1556937640000,134.260113288,127.4295046,36.5689073,26.785484,6.0
1556937641000,134.422021104,127.4294359,36.569142,27.05492,6.0
1556937642000,134.519812813,127.4293699,36.569379,27.200855,6.0
1556937643000,134.548808426,127.4293123,36.5696173,26.820303,4.0
1556937644000,134.571737361,127.4292452,36.569853,26.99305,4.0
1556937645000,134.622347617,127.4291783,36.5700908,27.058424,4.0
1556937646000,134.604282853,127.4291167,36.5703292,27.044039,4.0
1556937647000,134.599361395,127.429059,36.5705689,27.329535,4.0
1556937648000,134.582674236,127.4290024,36.5708031,26.178743,4.0
1556937649000,134.571207637,127.4289413,36.5710355,26.310104,4.0
1556937650000,134.627780897,127.428887,36.5712675,26.001757,4.0
1556937651000,134.799267255,127.4288355,36.5715002,26.319092,6.0
1556937652000,135.163854495,127.4287819,36.5717339,26.251621,6.0
1556937653000,135.598492015,127.4287303,36.5719622,25.41856,6.0
1556937654000,136.077634451,127.4286781,36.5721874,25.707249,6.0
1556937655000,136.594134097,127.4286203,36.5724143,25.403479,6.0
1556937656000,137.103666495,127.4285695,36.5726402,25.485905,6.0
1556937657000,137.659059408,127.4285226,36.5728686,25.441082,6.0
1556937658000,138.2495873,127.4284778,36.5730981,25.393179,6.0
1556937659000,138.891555508,127.4284381,36.573322,25.238134,6.0
1556937660000,139.141924722,127.4283985,36.5735436,25.270475,6.0
1556937661000,139.429103225,127.4283593,36.5737685,25.286112,6.0
1556937662000,139.760799521,127.4283191,36.5739916,25.066853,6.0
1556937663000,140.057234024,127.4282792,36.5742133,25.108534,6.0
1556937664000,140.362503363,127.4282384,36.5744364,25.237297,6.0
1556937665000,140.482520518,127.4281955,36.5746598,25.033804,6.0
1556937666000,140.646815713,127.4281509,36.5748828,24.922098,6.0
1556937667000,140.794379575,127.4281079,36.5751041,25.104137,8.0
1556937668000,140.928949921,127.4280662,36.5753286,25.23013,8.0
1556937669000,141.112774194,127.4280246,36.5755606,25.952526,8.0
1556937670000,141.316982403,127.4279872,36.5757963,25.771963,8.0
1556937671000,141.497801621,127.4279506,36.5760295,26.03707,8.0
1556937672000,141.602044827,127.427915,36.5762623,26.397758,8.0
1556937673000,141.598486025,127.4278803,36.5764985,26.357365,8.0
1556937674000,141.000964203,127.4278438,36.5767351,26.70455,6.0
1556937675000,140.338211015,127.4278052,36.5769789,27.011068,6.0
1556937676000,139.806935612,127.4277655,36.577221,26.649275,6.0
1556937677000,139.379305812,127.4277276,36.5774646,27.260103,6.0
1556937678000,138.76441579,127.4276942,36.5777122,27.548164,6.0
1556937679000,138.093605564,127.4276639,36.577967,27.388025,8.0
1556937680000,137.469506259,127.4276333,36.5782139,27.132921,8.0
1556937681000,137.106101154,127.4276067,36.5784615,27.709524,6.0
1556937682000,136.804345718,127.4275785,36.5787133,28.141247,6.0
1556937683000,136.53962335,127.4275505,36.5789662,28.208479,6.0
1556937684000,136.311876954,127.4275237,36.5792286,28.34523,6.0
1556937685000,136.10222951,127.4274992,36.5794861,27.98877,6.0
1556937686000,135.899432014,127.4274757,36.5797401,28.96792,6.0
1556937687000,135.588453361,127.4274541,36.580003,28.994135,6.0
1556937688000,135.328340935,127.4274339,36.5802631,28.601776,6.0
1556937689000,134.988358121,127.4274134,36.5805187,28.689703,6.0
1556937690000,134.068575732,127.4273916,36.5807736,28.99735,6.0
1556937691000,130.422601826,127.4273636,36.5810088,29.005844,6.0
1556937692000,127.468751574,127.4273493,36.5812735,29.093002,6.0
1556937693000,125.104806091,127.4273367,36.5815408,29.121132,6.0
1556937694000,123.434274078,127.4273267,36.5818105,29.252253,6.0
1556937695000,122.186443738,127.4273179,36.5820794,29.228062,8.0
1556937696000,121.432872712,127.4273101,36.5823495,29.291622,8.0
1556937697000,120.206974381,127.4273002,36.5826109,29.101652,6.0
1556937698000,119.404717306,127.4272962,36.5828841,28.98925,6.0
1556937699000,118.95435759,127.4272907,36.5831544,29.05704,6.0
1556937700000,118.702121882,127.4272828,36.5834194,29.06482,6.0
1556937701000,118.696353003,127.4272744,36.5836864,29.035145,6.0
1556937702000,118.926001669,127.427268,36.5839494,28.908356,6.0
1556937703000,119.096113373,127.4272642,36.5842101,29.149872,4.0
1556937704000,119.265188641,127.4272615,36.5844711,29.155859,4.0
1556937705000,119.227408206,127.4272603,36.5847333,29.184137,4.0
1556937706000,119.295246086,127.4272622,36.5849952,29.107685,4.0
1556937707000,119.33881591,127.4272636,36.5852571,29.399376,4.0
1556937708000,119.511250956,127.4272666,36.5855217,29.597862,4.0
1556937709000,119.721099743,127.427272,36.5857916,29.51949,4.0
1556937710000,120.012502582,127.4272794,36.5860589,29.612505,4.0
1556937711000,120.347411278,127.4272841,36.5863236,29.60139,4.0
1556937712000,120.668643037,127.4272884,36.5865924,29.633614,4.0
1556937713000,120.9826323,127.4272879,36.5868638,29.79738,6.0
1556937714000,121.247545379,127.4272814,36.5871315,29.565973,6.0
1556937715000,121.473736516,127.4272696,36.5873978,30.123915,8.0
1556937716000,121.651993921,127.4272426,36.5876704,30.232159,8.0
1556937717000,121.779297352,127.4272076,36.587943,30.315786,8.0
1556937718000,121.795162779,127.4271649,36.5882185,30.346752,8.0
1556937719000,121.805863271,127.4271239,36.5884891,29.989063,16.0
1556937720000,121.8316136,127.4270705,36.5887695,30.34398,8.0
1556937721000,121.783411425,127.4270056,36.5890611,30.584673,12.0
1556937722000,121.61160126,127.4269192,36.5893386,29.922564,8.0
1556937723000,121.400016364,127.4268144,36.5896112,30.533861,8.0
1556937724000,121.089023472,127.4267093,36.5898812,31.029251,8.0
1556937725000,120.753340213,127.4266044,36.5901467,30.98995,6.0
1556937726000,120.388563832,127.4264882,36.5904081,30.716034,8.0
1556937727000,120.051997962,127.4263647,36.5906562,29.851332,8.0
1556937728000,119.771311423,127.4262308,36.5909025,29.884605,8.0
1556937729000,119.574348453,127.4260928,36.591145,30.1652,8.0
1556937730000,119.382217329,127.4259494,36.5913909,29.917067,6.0
1556937731000,119.191271154,127.4257929,36.5916275,29.631868,6.0
1556937732000,119.01033424,127.4256294,36.5918598,29.132278,8.0
1556937733000,118.882683279,127.4254667,36.5920829,28.782026,6.0
1556937734000,118.785021676,127.4252971,36.5922993,28.837824,8.0
1556937735000,118.722567357,127.425123,36.5925129,28.789696,8.0
1556937736000,118.705438652,127.424947,36.5927291,28.978834,8.0
1556937737000,118.617832296,127.4247688,36.5929464,29.005558,8.0
1556937738000,118.494170739,127.4245953,36.5931619,28.767132,12.0
1556937739000,118.355850864,127.424416,36.5933767,28.870062,8.0
1556937740000,118.183696188,127.4242366,36.5935962,28.907135,8.0
1556937741000,118.004180537,127.4240581,36.5938141,28.988356,4.0
1556937742000,117.816570472,127.4238778,36.5940302,28.93114,8.0
1556937743000,117.571401537,127.4236972,36.5942417,29.118498,8.0
1556937744000,117.264561492,127.4235143,36.5944597,29.382921,8.0
1556937745000,116.9570665,127.4233347,36.5946804,28.954514,6.0
1556937746000,116.670655114,127.4231562,36.5948957,29.019659,6.0
1556937747000,116.403094783,127.4229794,36.5951124,29.140894,6.0
1556937748000,116.168750143,127.4228005,36.5953305,29.236254,6.0
1556937749000,115.906508728,127.4226192,36.5955535,29.757748,6.0
1556937750000,115.690087123,127.4224375,36.5957774,29.788961,6.0
1556937751000,115.499019833,127.4222542,36.5960057,30.177477,6.0
1556937752000,115.307978893,127.4220732,36.5962382,30.034231,6.0
1556937753000,115.171145313,127.4218941,36.5964689,29.759275,6.0
1556937754000,115.056548615,127.4217123,36.5966936,30.047846,6.0
1556937755000,114.93899054,127.4215218,36.5969155,29.952538,6.0
1556937756000,114.711421112,127.4213286,36.5971329,29.901243,16.0
1556937757000,114.450603882,127.4211327,36.5973524,29.768635,16.0
1556937758000,114.20653505,127.4209204,36.5975589,29.113962,12.0
1556937759000,113.989277285,127.4207094,36.5977536,28.8622,12.0
1556937760000,113.753087349,127.4204873,36.5979384,28.49107,12.0
1556937761000,113.506786999,127.4202536,36.5981134,28.209377,12.0
1556937762000,113.288888006,127.4200121,36.5982772,28.25369,12.0
1556937763000,113.111601367,127.4197674,36.5984397,28.284584,24.0
1556937764000,113.012556209,127.4195272,36.5986001,28.59203,24.0
1556937765000,113.003297839,127.4192792,36.598763,28.622374,16.0
1556937766000,113.02168027,127.4190186,36.5989256,28.877342,8.0
1556937767000,113.021596316,127.4187695,36.5990796,28.805254,8.0
1556937768000,113.013037874,127.4185212,36.5992388,29.079617,8.0
1556937769000,113.031540962,127.4182668,36.5994055,29.080103,8.0
1556937770000,113.035653055,127.4180141,36.5995724,29.054462,8.0
1556937771000,113.034777919,127.4177624,36.5997423,29.145868,8.0
1556937772000,113.022523857,127.4175157,36.5999177,28.872202,8.0
1556937773000,113.0633076,127.4172746,36.6000965,28.605541,8.0
1556937774000,113.111917987,127.4170371,36.600274,28.460176,8.0
1556937775000,113.152534988,127.4168031,36.6004547,28.2273,8.0
1556937776000,113.199779767,127.4165756,36.6006423,28.34643,8.0
1556937777000,113.270883518,127.4163588,36.6008311,28.156317,8.0
1556937778000,113.310596133,127.4161428,36.6010246,28.60194,8.0
1556937779000,113.311348195,127.4159365,36.6012355,29.292532,8.0
1556937780000,113.281589719,127.415729,36.6014547,29.27228,8.0
1556937781000,111.623550065,127.4155329,36.6016841,28.950176,8.0
1556937782000,110.290600793,127.4153294,36.6019029,28.683178,8.0
1556937783000,109.162037333,127.4151266,36.6021197,28.189095,8.0
1556937784000,108.198102843,127.414934,36.6023217,27.884777,8.0
1556937785000,107.437818165,127.414744,36.6025221,27.747185,8.0
1556937786000,106.871384137,127.414558,36.6027142,26.999475,8.0
1556937787000,106.436029453,127.4143748,36.602897,26.30845,8.0
1556937788000,106.102705052,127.4141876,36.6030704,26.076666,8.0
1556937789000,105.856566199,127.4139938,36.6032358,25.64926,8.0
1556937790000,105.680546553,127.4137937,36.6034001,25.538694,8.0
1556937791000,105.590545731,127.4135913,36.6035559,25.32019,8.0
1556937792000,105.53044946,127.4133813,36.6037068,25.21136,8.0
1556937793000,105.468122619,127.413174,36.6038497,25.0314,8.0
1556937794000,105.447323071,127.4129558,36.6039902,25.106125,8.0
1556937795000,105.433505053,127.4127337,36.6041214,25.12688,8.0
1556937796000,105.461027558,127.4125002,36.6042527,24.890287,8.0
1556937797000,105.430235837,127.4122703,36.6043803,24.75937,8.0
1556937798000,105.385234075,127.4120363,36.6045029,24.711817,6.0
1556937799000,105.369806688,127.4117985,36.6046123,24.700876,8.0
1556937800000,105.419434243,127.4115584,36.6047159,24.535513,6.0
1556937801000,105.568175504,127.4113165,36.6048176,24.283514,6.0
1556937802000,105.679850494,127.4110687,36.6049212,24.428066,6.0
1556937803000,105.765529903,127.4108208,36.6050245,24.994396,6.0
1556937804000,105.794643642,127.4105765,36.605129,24.792778,6.0
1556937805000,105.816307576,127.410333,36.6052319,24.344624,6.0
1556937806000,105.809486638,127.4100918,36.6053345,24.407377,6.0
1556937807000,105.915517854,127.4098587,36.6054354,24.350449,6.0
1556937808000,106.03088728,127.4096198,36.6055429,24.462051,6.0
1556937809000,106.176394999,127.4093819,36.6056523,24.428244,6.0
1556937810000,106.283799844,127.4091443,36.6057623,24.71601,6.0
1556937811000,106.333749994,127.4089058,36.6058785,24.867739,6.0
1556937812000,106.353417271,127.4086692,36.6059989,24.837376,6.0
1556937813000,106.374751,127.4084342,36.6061222,24.906528,6.0
1556937814000,106.382754642,127.4082011,36.6062448,24.912699,6.0
1556937815000,106.406112071,127.407969,36.6063689,25.266825,8.0
1556937816000,106.440805705,127.4077406,36.6065007,25.46832,8.0
1556937817000,106.447271544,127.4075059,36.6066378,25.515486,8.0
1556937818000,106.388679746,127.4072715,36.6067742,25.722445,6.0
1556937819000,106.274109016,127.4070336,36.6069098,26.123434,6.0
1556937820000,106.102561347,127.4067983,36.6070474,26.135015,6.0
1556937821000,105.951029186,127.4065613,36.6071822,26.428415,6.0
1556937822000,105.831242056,127.4063271,36.6073149,26.13764,6.0
1556937823000,105.663894096,127.4060962,36.6074468,26.525833,6.0
1556937824000,105.56099073,127.4058665,36.6075793,26.75529,6.0
1556937825000,105.435047587,127.4056294,36.607719,26.423502,6.0
1556937826000,105.298133674,127.4053885,36.6078594,26.359911,6.0
1556937827000,105.137084422,127.405146,36.6079981,26.92061,6.0
1556937828000,104.566099569,127.4048997,36.6081433,26.856743,6.0
1556937829000,104.069804329,127.4046551,36.6082856,27.190424,6.0
1556937830000,103.636343142,127.404416,36.6084254,26.699415,6.0
1556937831000,103.248783598,127.4041796,36.6085633,26.293056,6.0
1556937832000,102.922688611,127.4039415,36.608699,27.157337,6.0
1556937833000,102.637547846,127.4036994,36.6088389,27.36395,6.0
1556937834000,102.37735477,127.403455,36.60898,27.454332,6.0
1556937835000,102.16069597,127.4032169,36.6091176,26.586897,6.0
1556937836000,102.008096653,127.4029859,36.6092489,25.92273,6.0
1556937837000,102.583201932,127.4027797,36.6093611,25.849007,6.0
1556937838000,103.001726138,127.4025521,36.6094931,26.219688,6.0
1556937839000,103.32611629,127.4023235,36.6096257,26.22327,6.0
1556937840000,103.583051261,127.4020864,36.6097632,26.184183,6.0
1556937841000,103.71793279,127.4018507,36.6099009,25.646486,6.0
1556937842000,103.72561377,127.401617,36.6100378,26.006823,4.0
1556937843000,103.721138958,127.4013831,36.6101753,25.500307,4.0
1556937844000,103.619854154,127.4011533,36.6103115,25.245886,4.0
1556937845000,103.483258574,127.4009302,36.6104431,25.15487,4.0
1556937846000,103.582802192,127.4007119,36.6105688,25.113422,4.0
1556937847000,103.638108014,127.4004846,36.6107004,25.753319,4.0
1556937848000,103.648883988,127.4002482,36.6108399,26.173273,4.0
1556937849000,103.585261791,127.4000075,36.6109819,26.056509,4.0
1556937850000,103.464831547,127.3997648,36.611125,26.7986,4.0
1556937851000,103.266562292,127.3995183,36.6112709,26.675686,4.0
1556937852000,103.011800242,127.3992735,36.6114155,26.967464,4.0
1556937853000,102.777250463,127.3990246,36.6115616,27.774456,4.0
1556937854000,102.506904315,127.3987704,36.6117127,27.568483,4.0
1556937855000,102.219182713,127.3985143,36.6118639,28.16327,4.0
1556937856000,101.908127648,127.398251,36.6120196,28.181961,4.0
1556937857000,101.58286438,127.3979873,36.6121753,28.338535,4.0
1556937858000,101.322844121,127.3977233,36.6123317,28.874306,6.0
1556937859000,101.0494394,127.3974592,36.6124873,29.408272,6.0
1556937860000,100.756160446,127.3971932,36.6126435,28.873402,6.0
1556937861000,100.435685117,127.3969282,36.6128001,28.854845,6.0
1556937862000,100.106351516,127.3966563,36.6129619,29.536144,6.0
1556937863000,99.8037205907,127.396389,36.6131202,29.086117,6.0
1556937864000,99.5308218362,127.3961231,36.613275,29.075583,6.0
1556937865000,99.2517220723,127.3958515,36.6134339,29.61726,6.0
1556937866000,98.9591336336,127.3955766,36.6135966,29.20317,6.0
1556937867000,98.6378442911,127.3953033,36.6137568,28.783743,6.0
1556937868000,98.2880550756,127.3950301,36.6139168,29.111664,6.0
1556937869000,97.937076519,127.3947598,36.6140728,29.333643,6.0
1556937870000,97.5907846038,127.3944875,36.6142235,29.245646,6.0
1556937871000,97.3021757576,127.3942135,36.6143735,29.456116,6.0
1556937872000,97.0761607692,127.3939427,36.6145258,29.414894,6.0
1556937873000,96.905372726,127.393681,36.614679,29.207918,6.0
1556937874000,96.6713447241,127.3934081,36.6148392,29.238726,6.0
1556937875000,96.4449111839,127.393135,36.6150009,29.413412,6.0
1556937876000,96.2473406457,127.3928654,36.6151589,29.228857,6.0
1556937877000,96.0775294692,127.3926032,36.6153149,29.16438,6.0
1556937878000,95.8824234153,127.3923328,36.6154759,29.432455,6.0
1556937879000,95.6890206486,127.3920663,36.6156326,29.520185,6.0
1556937880000,95.4863493299,127.391797,36.6157911,29.380665,6.0
1556937881000,95.2553193516,127.3915321,36.6159485,28.997847,6.0
1556937882000,95.0140500639,127.3912769,36.6161018,28.975555,6.0
1556937883000,94.778186881,127.3910155,36.6162577,29.024712,6.0
1556937884000,94.5295263208,127.3907573,36.616412,29.198088,6.0
1556937885000,94.2774270181,127.3904948,36.6165669,29.278599,6.0
1556937886000,94.0378467845,127.3902318,36.6167218,29.294472,6.0
1556937887000,93.7754351404,127.389972,36.6168744,28.952139,6.0
1556937888000,93.521164877,127.3897111,36.6170278,29.12527,6.0
1556937889000,93.2932944122,127.3894469,36.6171822,28.972027,6.0
1556937890000,93.0887518958,127.389189,36.6173368,28.459991,6.0
1556937891000,92.9498176741,127.3889349,36.6174907,28.434229,6.0
1556937892000,92.835066786,127.3886864,36.6176527,28.5194,6.0
1556937893000,92.7619450575,127.3884481,36.6178175,28.19884,6.0
1556937894000,92.7998242557,127.3882117,36.6179832,28.086023,6.0
1556937895000,92.8116777858,127.3879804,36.6181512,28.24376,6.0
1556937896000,92.7832671873,127.3877522,36.6183233,27.793167,8.0
1556937897000,92.6933523584,127.3875398,36.6184949,27.708023,8.0
1556937898000,92.5890679821,127.3873311,36.6186682,27.462618,8.0
1556937899000,92.4569474124,127.3871344,36.6188393,26.57256,8.0
1556937900000,92.3492308792,127.3869618,36.6190193,26.54006,12.0
1556937901000,92.2912632969,127.3867924,36.6191982,26.199842,12.0
1556937902000,92.3020969743,127.386616,36.6193865,26.479527,12.0
1556937903000,92.3443879247,127.3864404,36.6195667,26.35707,12.0
1556937904000,92.3823534251,127.3862631,36.6197498,26.194397,16.0
1556937905000,92.3997519113,127.3860886,36.6199504,26.311476,16.0
1556937906000,92.3992214974,127.3859283,36.6201506,26.730799,16.0
1556937907000,92.2949563827,127.385778,36.620371,26.763819,24.0
1556937908000,92.0985433935,127.3856369,36.6205851,26.90476,24.0
1556937909000,91.8882881427,127.3854995,36.6207932,26.784319,12.0
1556937910000,91.6335883359,127.3853748,36.6209878,26.439621,12.0
1556937911000,91.3830746376,127.3852597,36.6211878,25.900843,12.0
1556937912000,91.1759385344,127.385145,36.621392,25.789272,12.0
1556937913000,90.9986194957,127.3850367,36.6215984,25.815874,8.0
1556937914000,90.8553527695,127.3849328,36.6218067,25.929798,8.0
1556937915000,90.7207576866,127.3848423,36.6220174,25.663849,12.0
1556937916000,90.5736766438,127.384754,36.6222209,25.256714,8.0
1556937917000,90.3947042842,127.3846618,36.6224304,25.833258,8.0
1556937918000,90.2225168173,127.3845763,36.6226516,26.75502,12.0
1556937919000,89.9788304389,127.3844964,36.6228805,26.390846,12.0
1556937920000,89.7643658587,127.3844219,36.6231001,25.969807,12.0
1556937921000,89.6918191596,127.3843442,36.6233214,25.69435,12.0
1556937922000,89.5489841075,127.3842646,36.6235461,25.83746,8.0
1556937923000,89.4087336148,127.3841821,36.6237809,26.24056,8.0
1556937924000,89.3941726889,127.3840989,36.6240195,26.060526,8.0
1556937925000,89.356488484,127.3840137,36.624256,26.175474,8.0
1556937926000,89.377953582,127.3839214,36.6244872,26.176031,8.0
1556937927000,89.4252679414,127.3838307,36.6247192,26.136396,8.0
1556937928000,89.4793563677,127.3837442,36.6249543,26.492882,8.0
1556937929000,89.567059794,127.3836632,36.6251883,26.411016,8.0
1556937930000,89.6883032846,127.3835801,36.6254265,26.413668,8.0
1556937931000,89.8623930385,127.3835007,36.6256622,25.902086,8.0
1556937932000,89.9850520596,127.3834165,36.6258897,26.022371,8.0
1556937933000,90.0479860782,127.383332,36.6261108,26.23518,6.0
1556937934000,90.1245467731,127.383245,36.6263379,26.736319,6.0
1556937935000,90.0122802686,127.3831667,36.6265684,26.104053,6.0
1556937936000,89.8179861972,127.3830873,36.6267928,25.823719,6.0
1556937937000,89.5527390482,127.3830057,36.6270172,25.900604,6.0
1556937938000,89.3049896871,127.3829239,36.6272459,25.845951,6.0
1556937939000,89.0157821348,127.3828436,36.6274759,25.793688,6.0
1556937940000,88.6960916859,127.382764,36.6277078,25.690794,6.0
1556937941000,88.3831616931,127.3826839,36.6279394,25.74293,6.0
1556937942000,88.1046001699,127.3826031,36.6281701,25.744062,6.0
1556937943000,87.9343979703,127.3825218,36.6283962,25.590094,4.0
1556937944000,87.8469995079,127.3824405,36.6286218,25.157045,4.0
1556937945000,88.6133594892,127.3823617,36.628848,25.04546,4.0
1556937946000,89.5492882051,127.3822838,36.6290712,24.81489,4.0
1556937947000,90.2916116527,127.3822046,36.6292907,24.815765,4.0
1556937948000,90.9124939895,127.3821272,36.6295101,24.52241,4.0
1556937949000,91.4452973652,127.3820509,36.6297253,24.414997,4.0
1556937950000,91.9238768707,127.381975,36.6299375,24.110498,4.0
1556937951000,92.3529634081,127.3818972,36.6301486,23.986546,4.0
1556937952000,92.7787195713,127.3818204,36.6303596,24.118578,4.0
1556937953000,93.1379624433,127.3817455,36.6305714,23.765354,4.0
1556937954000,93.4148155048,127.381669,36.6307806,23.848982,4.0
1556937955000,93.6262491371,127.3815927,36.6309892,23.826944,4.0
1556937956000,93.7715068966,127.3815191,36.631195,23.626122,4.0
1556937957000,93.8816955981,127.3814453,36.6313995,23.722803,4.0
1556937958000,93.9889082909,127.3813699,36.6316034,23.730188,4.0
1556937959000,94.0892458066,127.3812938,36.6318079,23.709164,4.0
1556937960000,94.1607297094,127.3812158,36.6320126,23.85905,4.0
1556937961000,94.2083731016,127.3811377,36.6322184,23.831964,4.0
1556937962000,94.2357807281,127.3810595,36.6324233,24.220715,4.0
1556937963000,94.2386308427,127.3809822,36.6326311,24.023682,4.0
1556937964000,94.2125683428,127.3809053,36.6328394,23.893196,4.0
1556937965000,94.1472508772,127.3808287,36.6330503,24.574656,4.0
1556937966000,94.0640737684,127.3807492,36.6332638,24.69868,4.0
1556937967000,93.9495044161,127.380669,36.6334777,24.44449,4.0
1556937968000,93.7521274256,127.3805887,36.6336877,24.60769,4.0
1556937969000,93.4205105946,127.3805072,36.6338973,24.646418,6.0
1556937970000,93.057988081,127.3804249,36.6341098,25.007353,4.0
1556937971000,92.6442080883,127.3803416,36.6343239,25.02201,4.0
1556937972000,92.2265510714,127.3802584,36.634539,24.943398,4.0
1556937973000,91.7838056998,127.3801742,36.634755,25.38351,4.0
1556937974000,91.3030674174,127.380087,36.6349757,25.894642,4.0
1556937975000,90.816089598,127.3799981,36.6352035,26.824999,4.0
1556937976000,90.3789101579,127.3799122,36.6354384,26.886003,4.0
1556937977000,89.9250273955,127.3798272,36.635674,26.944414,4.0
1556937978000,88.7457904744,127.3797402,36.6359026,27.009327,4.0
1556937979000,87.684839711,127.3796514,36.6361365,27.064627,4.0
1556937980000,86.3262151885,127.3795619,36.6363665,27.152128,4.0
1556937981000,85.1838063305,127.3794722,36.6366009,27.455708,4.0
1556937982000,84.2027409893,127.3793824,36.6368379,27.67086,4.0
1556937983000,83.309796711,127.3792919,36.637075,27.634264,4.0
1556937984000,82.53564079,127.3792013,36.6373122,27.811045,4.0
1556937985000,81.8870178666,127.3791102,36.6375515,28.14446,4.0
1556937986000,81.3513389738,127.3790237,36.6377915,27.53798,4.0
1556937987000,80.9002178174,127.3789349,36.6380272,27.13583,4.0
1556937988000,80.5357484515,127.3788448,36.63826,27.011028,4.0
1556937989000,80.2406273158,127.3787547,36.638492,27.189302,4.0
1556937990000,79.9642964433,127.3786643,36.6387248,27.302753,4.0
1556937991000,79.8858827289,127.3785744,36.6389586,27.182934,4.0
1556937992000,79.7942353756,127.3784871,36.6391923,27.277452,4.0
1556937993000,79.689895278,127.3783992,36.639427,27.114824,4.0
1556937994000,79.6416116184,127.3783112,36.6396611,27.04526,4.0
1556937995000,79.5758110738,127.3782218,36.6398938,27.15496,4.0
1556937996000,79.5050132466,127.3781329,36.640128,27.12238,4.0
1556937997000,79.4089931149,127.3780446,36.6403615,27.28804,4.0
1556937998000,79.2970896922,127.3779566,36.6405968,27.10995,4.0
1556937999000,79.173222309,127.377868,36.6408301,26.947594,4.0
1556938000000,79.0888708336,127.3777771,36.6410618,27.032917,4.0
1556938001000,79.0016397532,127.3776847,36.6412941,27.092346,4.0
1556938002000,78.9019952413,127.3775913,36.6415256,27.31658,4.0
1556938003000,78.9556987453,127.3774974,36.6417604,27.185247,4.0
1556938004000,78.9949847527,127.3774015,36.6419945,27.112421,4.0
1556938005000,79.0245165715,127.3773052,36.6422294,27.277672,4.0
1556938006000,79.0392512501,127.3772061,36.6424632,27.446264,4.0
1556938007000,79.0217958105,127.3771048,36.6426971,27.349258,4.0
1556938008000,78.943308324,127.3770046,36.6429286,27.43743,4.0
1556938009000,78.8321537935,127.3769041,36.6431609,27.311327,4.0
1556938010000,78.719151399,127.3768035,36.6433927,27.355476,4.0
1556938011000,78.571287353,127.3767036,36.6436245,27.472548,4.0
1556938012000,78.4061528552,127.3766037,36.6438572,27.576662,4.0
1556938013000,78.254747357,127.3765031,36.64409,27.69876,4.0
1556938014000,78.1547804746,127.3764013,36.644325,27.792515,4.0
1556938015000,78.0794802924,127.3763023,36.644561,27.620693,4.0
1556938016000,78.0325501912,127.3762049,36.6447971,27.785215,4.0
1556938017000,78.0152731242,127.3761076,36.6450344,28.02241,4.0
1556938018000,78.02880223,127.3760145,36.6452774,28.236025,4.0
1556938019000,78.0553186185,127.3759202,36.6455183,28.0618,4.0
1556938020000,78.098618192,127.3758268,36.645763,28.226723,4.0
1556938021000,78.1575715573,127.3757337,36.6460069,28.565384,4.0
1556938022000,78.2347588033,127.3756441,36.6462549,28.806612,4.0
1556938023000,78.3276796531,127.3755567,36.6465046,28.308237,4.0
1556938024000,78.4564848746,127.3754679,36.6467499,28.28681,4.0
1556938025000,78.5865620463,127.3753776,36.6469941,28.05754,4.0
1556938026000,78.7191660929,127.3752852,36.6472361,28.158054,4.0
1556938027000,78.8538879224,127.375193,36.6474792,28.107855,4.0
1556938028000,78.9754076874,127.3751028,36.6477232,28.119497,4.0
1556938029000,79.1055652981,127.3750125,36.6479666,28.200045,4.0
1556938030000,79.2327472668,127.374923,36.6482119,28.373808,4.0
1556938031000,79.5076600938,127.3748319,36.6484562,28.205915,4.0
1556938032000,79.7525764931,127.3747414,36.6487,28.163364,4.0
1556938033000,79.9543854518,127.3746497,36.6489433,28.312992,4.0
1556938034000,80.181741201,127.3745579,36.6491871,28.173807,4.0
1556938035000,80.3403394702,127.3744657,36.6494311,28.449738,4.0
1556938036000,80.4805402664,127.374371,36.6496739,28.052433,4.0
1556938037000,80.5958951541,127.3742773,36.6499152,28.017057,4.0
1556938038000,80.7763122384,127.3741831,36.6501568,28.109776,4.0
1556938039000,80.9188060886,127.3740911,36.6503994,28.053394,4.0
1556938040000,81.0436652726,127.373998,36.6506408,28.130936,4.0
1556938041000,81.1002659389,127.3739069,36.6508838,28.23109,4.0
1556938042000,81.154954645,127.3738134,36.651128,28.318567,4.0
1556938043000,81.2045163264,127.3737211,36.6513727,28.356598,4.0
1556938044000,81.2150678617,127.3736294,36.6516164,28.147911,4.0
1556938045000,81.2126067905,127.3735398,36.6518599,27.938358,4.0
1556938046000,81.1943108561,127.3734511,36.6521036,28.114996,4.0
1556938047000,81.1809711213,127.3733588,36.6523491,28.446321,4.0
1556938048000,81.1482840168,127.3732635,36.6525947,28.559858,4.0
1556938049000,81.0775362953,127.3731704,36.6528391,28.076052,4.0
1556938050000,80.9975489113,127.3730773,36.6530838,28.60334,4.0
1556938051000,80.8754358103,127.3729864,36.6533312,28.4858,6.0
1556938052000,80.6611612627,127.3728913,36.6535776,28.491705,6.0
1556938053000,80.4334605409,127.3727999,36.6538268,28.79715,6.0
1556938054000,80.2331831793,127.3727058,36.6540764,28.870752,4.0
1556938055000,79.7287408123,127.3726143,36.6543263,28.771881,4.0
1556938056000,79.4410687295,127.3725193,36.6545787,29.254606,4.0
1556938057000,79.1788592299,127.3724216,36.6548319,29.514214,4.0
1556938058000,78.9640290922,127.3723264,36.6550892,29.677492,4.0
1556938059000,79.0788868082,127.3722292,36.6553454,29.655628,4.0
1556938060000,79.1311335483,127.3721307,36.6556001,29.530273,4.0
1556938061000,79.1554494385,127.3720325,36.6558565,30.054264,4.0
1556938062000,79.0678719477,127.3719374,36.6561149,29.856926,4.0
1556938063000,78.9642422977,127.371839,36.6563724,30.00549,4.0
1556938064000,78.8369351442,127.3717391,36.6566289,29.855896,4.0
1556938065000,78.7015808343,127.3716417,36.6568879,30.313776,4.0
1556938066000,78.5392378706,127.3715417,36.6571458,29.955263,6.0
1556938067000,78.2704888553,127.37144,36.6574031,30.188303,4.0
1556938068000,78.2042212277,127.3713454,36.657665,30.470888,4.0
1556938069000,78.1218754073,127.3712556,36.6579285,30.27319,4.0
1556938070000,78.00683985,127.371167,36.6581917,30.3834,4.0
1556938071000,77.8786081585,127.3710817,36.6584556,30.192825,4.0
1556938072000,77.7370363463,127.3710003,36.6587185,30.046907,4.0
1556938073000,77.5958584862,127.3709209,36.6589829,30.312265,4.0
1556938074000,77.4362841129,127.3708465,36.6592439,29.207558,4.0
1556938075000,77.2589028911,127.3707758,36.6595062,30.198984,4.0
1556938076000,77.1014685339,127.3707198,36.6597768,30.240326,4.0
1556938077000,76.9265618906,127.3706711,36.6600488,30.182943,4.0
1556938078000,76.7558343217,127.3706277,36.6603212,30.160212,4.0
1556938079000,76.6287149345,127.3705889,36.6605914,29.815735,4.0
1556938080000,76.4822226146,127.3705576,36.6608588,29.657768,4.0
1556938081000,76.3000077839,127.3705313,36.661125,29.855158,4.0
1556938082000,76.038659703,127.3705138,36.6613927,29.62449,6.0
1556938083000,75.7036413562,127.3705086,36.6616609,29.73559,6.0
1556938084000,75.1540255617,127.3705041,36.6619284,29.757835,4.0
1556938085000,74.7395802979,127.370515,36.6621995,30.08623,4.0
1556938086000,74.4133217977,127.370533,36.6624715,30.087265,4.0
1556938087000,74.1137140987,127.3705539,36.6627388,29.111185,4.0
1556938088000,73.8273530775,127.3705902,36.6630044,28.926853,6.0
1556938089000,73.5572653213,127.370635,36.6632716,29.547707,6.0
1556938090000,73.6044204459,127.3706891,36.6635432,29.864237,6.0
1556938091000,73.6285720879,127.3707501,36.6638114,29.642029,6.0
1556938092000,73.9696352037,127.3708203,36.6640771,29.396694,8.0
1556938093000,74.2292757243,127.370894,36.664337,29.022093,4.0
1556938094000,74.4961602115,127.3709687,36.6645957,28.953323,4.0
1556938095000,74.7268313029,127.3710589,36.6648492,29.14594,4.0
1556938096000,74.9100925074,127.3711549,36.6651,28.821806,4.0
1556938097000,75.23811846,127.3712606,36.6653524,29.052834,4.0
1556938098000,76.045484768,127.3713702,36.6656043,29.182518,4.0
1556938099000,76.7066777959,127.3714796,36.6658485,29.525126,6.0
1556938100000,77.2501116157,127.3715913,36.6660964,29.39888,6.0
1556938101000,77.5969203833,127.3717086,36.6663403,28.960878,6.0
1556938102000,77.8618516703,127.3718298,36.6665835,28.711414,6.0
1556938103000,78.2747386355,127.371952,36.6668269,28.932858,4.0
1556938104000,78.6065205892,127.3720765,36.6670716,28.945675,4.0
1556938105000,78.8347866685,127.3722017,36.6673164,28.781586,4.0
1556938106000,79.1027293807,127.3723269,36.6675592,28.811237,4.0
1556938107000,79.4100605643,127.3724518,36.6678027,28.579374,6.0
1556938108000,79.7606980565,127.3725746,36.6680428,28.686333,6.0
1556938109000,80.0859662423,127.3726978,36.668283,28.661179,4.0
1556938110000,80.4494325289,127.372822,36.6685246,28.801569,4.0
1556938111000,80.8167614941,127.3729444,36.6687676,28.848145,4.0
1556938112000,81.1551609563,127.373067,36.6690097,28.63633,4.0
1556938113000,81.4984763482,127.3731892,36.6692507,29.007803,6.0
1556938114000,81.8048841826,127.373311,36.669491,28.738482,6.0
1556938115000,82.1937335281,127.3734338,36.6697316,28.756065,6.0
1556938116000,82.5459566067,127.3735567,36.6699709,29.02052,6.0
1556938117000,82.8633459012,127.3736792,36.6702109,28.88595,4.0
1556938118000,83.1503015642,127.3738017,36.6704507,28.975376,4.0
1556938119000,83.4247123584,127.3739244,36.6706924,29.145922,4.0
1556938120000,83.7310771067,127.3740464,36.6709336,28.660477,6.0
1556938121000,84.0646239389,127.3741656,36.6711724,28.766335,6.0
1556938122000,84.4020921217,127.3742806,36.6714157,28.832361,6.0
1556938123000,84.7554320373,127.3743881,36.6716643,29.074976,6.0
1556938124000,85.0495253701,127.3744863,36.6719143,28.9045,6.0
1556938125000,85.2949953858,127.3745697,36.6721687,29.095673,6.0
1556938126000,85.5169593974,127.3746415,36.6724273,29.200405,6.0
1556938127000,85.7056182937,127.3746983,36.6726854,29.151953,6.0
1556938128000,85.9126587748,127.374739,36.6729458,29.013025,8.0
1556938129000,86.1454013432,127.3747643,36.6732108,29.344915,6.0
1556938130000,86.4296916486,127.3747719,36.6734783,29.082315,6.0
1556938131000,86.725184753,127.3747652,36.6737464,29.163637,6.0
1556938132000,87.1045828857,127.3747401,36.6740163,28.726227,6.0
1556938133000,87.4814420514,127.3747002,36.6742776,28.975725,6.0
1556938134000,87.7969841629,127.3746549,36.6745414,29.226349,6.0
1556938135000,88.0464690648,127.374603,36.6748023,29.40135,6.0
1556938136000,88.2676539529,127.3745357,36.675063,29.257166,6.0
1556938137000,88.4914281229,127.374459,36.6753196,28.84701,8.0
1556938138000,88.7045584965,127.3743703,36.6755692,28.763746,6.0
1556938139000,88.8814200986,127.37427,36.6758146,28.660042,4.0
1556938140000,89.0253947809,127.3741631,36.6760554,28.534798,4.0
1556938141000,89.1450440427,127.3740439,36.6762939,27.961302,6.0
1556938142000,89.2609091976,127.3739072,36.6765251,28.616991,6.0
1556938143000,89.4250853329,127.3737555,36.6767613,29.190897,8.0
1556938144000,89.6007212571,127.3735965,36.6769931,28.734058,8.0
1556938145000,89.7591334077,127.373438,36.6772217,28.511593,8.0
1556938146000,89.9195660466,127.3732746,36.6774468,28.22547,6.0
1556938147000,90.0617582658,127.3731121,36.6776657,27.669865,6.0
1556938148000,90.2076937957,127.372953,36.6778806,27.420626,6.0
1556938149000,90.3657690784,127.3727918,36.6780977,27.206158,6.0
1556938150000,90.5146044471,127.3726315,36.6783083,26.910486,6.0
1556938151000,90.612941912,127.3724714,36.6785144,27.416662,6.0
1556938152000,90.6999614732,127.3723136,36.6787224,27.161005,6.0
1556938153000,90.6973402371,127.3721565,36.6789265,27.6975,6.0
1556938154000,90.7114527585,127.3719959,36.6791351,27.535131,8.0
1556938155000,90.772427318,127.3718335,36.6793424,27.268166,8.0
1556938156000,90.880066205,127.371669,36.6795471,27.728415,8.0
1556938157000,91.069493637,127.3715024,36.6797621,28.109234,6.0
1556938158000,91.2106063692,127.3713392,36.6799796,28.121786,6.0
1556938159000,91.2945814969,127.3711762,36.6801944,28.063206,12.0
1556938160000,91.3845439844,127.3710096,36.680405,28.265245,8.0
1556938161000,91.5175352139,127.370841,36.6806179,28.520678,8.0
1556938162000,91.5992163539,127.3706732,36.6808385,28.144047,8.0
1556938163000,91.6411850643,127.3705086,36.6810578,28.26156,12.0
1556938164000,91.6399905515,127.3703427,36.6812783,28.507107,12.0
1556938165000,91.6237544199,127.3701767,36.6814968,28.242598,6.0
1556938166000,91.6040269485,127.370015,36.6817119,28.048523,8.0
1556938167000,91.5906055637,127.3698544,36.6819174,28.065723,24.0
1556938168000,91.6120647484,127.3696981,36.6821135,27.845425,16.0
1556938169000,91.6107708969,127.3695283,36.6823162,27.85891,16.0
1556938170000,91.5944473112,127.3693516,36.6825246,28.093746,8.0
1556938171000,91.5673597751,127.3691593,36.6827359,28.405708,16.0
1556938172000,91.5506067563,127.3689581,36.6829494,28.656326,16.0
1556938173000,91.5536715541,127.3687612,36.6831429,28.07769,16.0
1556938174000,91.6157932096,127.3685419,36.6833368,28.099154,16.0
1556938175000,91.7199082863,127.3683173,36.6835291,28.083872,12.0
1556938176000,91.8428326608,127.3680904,36.6837118,28.199575,24.0
1556938177000,92.0209650011,127.3678541,36.6838997,28.033922,24.0
1556938178000,92.2616911294,127.3676134,36.6840844,27.733538,24.0
1556938179000,92.5032475549,127.3673765,36.6842549,27.5748,24.0
1556938180000,92.788097095,127.3671381,36.6844056,27.391468,24.0
1556938181000,93.0901600858,127.3668934,36.6845579,27.375652,24.0
1556938182000,93.3638476897,127.3666411,36.684717,27.818789,16.0
1556938183000,93.6549507307,127.3663874,36.6848698,27.898474,16.0
1556938184000,93.93241992,127.3661267,36.6850184,27.980927,16.0
1556938185000,94.2190993667,127.3658561,36.6851601,27.845846,16.0
1556938186000,94.4590053333,127.3655778,36.6852979,27.655748,24.0
1556938187000,94.7301851218,127.3653034,36.6854081,27.501923,24.0
1556938188000,94.9932742204,127.3650283,36.6855146,27.632011,32.0
1556938190000,95.4670719648,127.3644425,36.6856843,27.820805,32.0
1556938191000,95.6426042415,127.3641573,36.6857551,26.866615,32.0
1556938192000,95.810174482,127.3638435,36.6858188,27.960314,48.0
1556938193000,95.9505449392,127.3635557,36.6858812,27.821873,32.0
1556938194000,96.0098692865,127.3632535,36.685932,27.84796,32.0
1556938195000,96.0045059268,127.3629514,36.6859707,27.60032,32.0
1556938196000,95.9403737085,127.3626654,36.6859941,27.315132,32.0
1556938197000,95.7707028176,127.3623605,36.6860247,27.433744,32.0
1556938198000,95.5293787346,127.362061,36.6860662,27.469313,32.0
1556938199000,95.2239554837,127.3617552,36.6861163,27.670399,32.0
1556938200000,94.900343089,127.3614349,36.6861801,28.57762,32.0
1556938201000,94.4363913307,127.3611226,36.6862495,28.539703,24.0
1556938202000,93.8514447924,127.3608114,36.6863226,28.731907,24.0
1556938203000,93.2696870917,127.3605077,36.6864056,29.04077,24.0
1556938204000,92.7376915992,127.3602073,36.686498,29.068438,16.0
1556938205000,92.2836057276,127.3599128,36.686601,29.076712,24.0
1556938206000,91.9024180981,127.3596259,36.6867075,29.060228,24.0
1556938207000,91.6209588504,127.3593618,36.6868106,28.94729,16.0
1556938208000,91.3781771775,127.359064,36.6869403,28.776802,16.0
1556938209000,91.1244274129,127.3587787,36.6870717,28.884256,16.0
1556938210000,90.8777314542,127.358504,36.6872219,29.05176,32.0
1556938211000,90.6608565766,127.3582262,36.6873805,29.119637,16.0
1556938212000,90.4611932444,127.3579346,36.6875422,29.18782,24.0
1556938213000,90.3156278674,127.3576581,36.687699,29.238722,16.0
1556938214000,90.3068935954,127.3573621,36.687875,30.609068,16.0
1556938215000,89.4981912029,127.3571139,36.6880542,30.558277,32.0
1556938216000,88.3384455906,127.3568949,36.688258,30.02368,24.0
1556938217000,87.0512159515,127.3566926,36.6884843,28.408907,32.0
1556938218000,86.0919608688,127.3565101,36.688733,28.373745,32.0
1556938219000,85.0662215608,127.3563303,36.6889885,28.655792,48.0
1556938220000,84.0678475898,127.356161,36.6892599,29.9042,32.0
1556938221000,83.096157704,127.3559979,36.6895026,29.802588,32.0
1556938222000,82.2189224269,127.3558678,36.6897507,29.544283,32.0
1556938223000,81.5384653252,127.3557548,36.6899902,29.219791,32.0
1556938224000,80.9702158852,127.3556475,36.6902191,28.790966,48.0
1556938225000,80.5046802054,127.3555366,36.6904616,28.763157,48.0
1556938226000,80.1035718216,127.3554309,36.6907038,28.385727,48.0
1556938227000,79.7565268363,127.3553256,36.6909447,28.45389,48.0
1556938228000,79.4080452696,127.3552434,36.6912092,28.336092,48.0
1556938229000,79.0697547139,127.3551759,36.6914718,28.262955,48.0
1556938230000,78.7361040335,127.3550992,36.6917386,28.275764,32.0
1556938231000,78.4262243446,127.3550065,36.6920091,28.63804,32.0
1556938232000,78.188896152,127.3549269,36.6922715,28.723673,32.0
1556938233000,78.0149678553,127.3548332,36.6925237,28.433422,32.0
1556938234000,77.8916227298,127.3547307,36.6927587,27.988895,16.0
1556938235000,77.7947634478,127.354629,36.6929945,27.965677,16.0
1556938236000,77.7696043418,127.3545278,36.6932378,28.053806,24.0
1556938237000,77.7431478684,127.3544356,36.6934887,28.058527,24.0
1556938238000,77.7244978742,127.3543335,36.6937253,28.090742,24.0
1556938239000,77.7117812651,127.354226,36.6939587,27.938719,24.0
1556938240000,77.714874018,127.3541204,36.6941862,28.04177,16.0
1556938241000,77.7140351356,127.3540166,36.6944133,28.032127,12.0
1556938242000,77.7374924779,127.353915,36.6946469,27.914423,24.0
1556938243000,77.8616281044,127.3538342,36.6948856,27.974298,16.0
1556938244000,78.1459911625,127.3537435,36.6951241,27.992561,12.0
1556938245000,78.6933729761,127.353645,36.6953669,27.928082,12.0
1556938246000,79.2658891923,127.3535454,36.6956124,27.760618,12.0
1556938247000,79.7324951043,127.3534349,36.6958528,27.569107,24.0
1556938248000,80.1325417073,127.3533184,36.6960879,27.522713,16.0
1556938249000,80.460695026,127.3531837,36.6963132,27.519196,16.0
1556938250000,80.7818916084,127.3530543,36.6965358,27.334858,12.0
1556938251000,81.0068603654,127.3529253,36.6967598,27.783754,12.0
1556938252000,81.157949026,127.3527891,36.6969853,27.87431,12.0
1556938253000,81.3070444009,127.3526466,36.6972091,27.88521,12.0
1556938254000,81.4872865031,127.352496,36.697421,27.916182,16.0
1556938255000,81.8261776135,127.3523342,36.6976335,27.987947,16.0
1556938256000,81.984659546,127.3521448,36.6978606,28.16746,16.0
1556938257000,82.100981467,127.3519557,36.6980781,28.192055,12.0
1556938258000,82.2657545353,127.351751,36.6983093,28.581766,12.0
1556938259000,82.4477440313,127.3515572,36.6985299,28.618837,12.0
1556938260000,82.6219621731,127.3513677,36.6987443,27.997173,12.0
1556938261000,82.6369999266,127.3511794,36.6989553,28.409775,16.0
1556938262000,82.6666919545,127.3509934,36.6991735,28.350067,16.0
1556938263000,82.677436521,127.3508097,36.6993861,27.833502,12.0
1556938264000,82.5456337944,127.3506266,36.6995989,28.07653,12.0
1556938265000,82.3264376788,127.3504459,36.6998103,28.22667,12.0
1556938266000,82.0818007408,127.3502669,36.7000199,28.516708,12.0
1556938267000,81.9629126065,127.3500881,36.7002323,28.656136,12.0
1556938268000,81.9493713542,127.3499073,36.7004492,28.534235,12.0
1556938269000,82.0295523409,127.3497253,36.7006681,28.326414,12.0
1556938270000,82.2073322654,127.3495452,36.7008817,28.719774,12.0
1556938271000,82.4162393456,127.3493616,36.7011012,28.536694,12.0
1556938272000,82.6673333434,127.3491754,36.7013168,28.654457,12.0
1556938273000,82.9061124888,127.3489928,36.701534,28.48585,12.0
1556938274000,82.8874863359,127.3488144,36.7017438,28.406357,12.0
1556938275000,82.8433289975,127.3486361,36.7019506,28.552046,12.0
1556938276000,82.8445500361,127.34846,36.7021579,28.492622,12.0
1556938277000,82.9214587125,127.3482822,36.7023705,28.470985,12.0
1556938278000,83.0565403713,127.3481028,36.7025905,28.683477,12.0
1556938279000,83.2223792478,127.3479225,36.7028119,29.116785,12.0
1556938280000,83.3765887208,127.3477549,36.7030353,29.053717,12.0
1556938281000,83.4309070562,127.3476065,36.7032607,28.745592,12.0
1556938282000,83.4684959273,127.3474762,36.703488,28.201242,12.0
1556938283000,83.0992244269,127.3473661,36.7037176,28.65031,16.0
1556938284000,82.4745798586,127.3472906,36.703956,28.784962,12.0
1556938285000,81.6971469027,127.3472331,36.7041997,28.495588,8.0
1556938286000,80.8334908574,127.3471864,36.7044533,27.919846,8.0
1556938287000,79.7857954244,127.3471501,36.7047138,28.559357,8.0
1556938288000,78.9195615223,127.3471306,36.7049809,28.356653,8.0
1556938289000,78.177767322,127.3471223,36.7052447,28.543652,8.0
1556938290000,77.6379662887,127.3471358,36.7055107,28.238594,8.0
1556938291000,77.2010024701,127.3471653,36.705766,28.095398,6.0
1556938292000,76.816351451,127.3472065,36.7060179,28.183887,6.0
1556938293000,76.4616034637,127.3472576,36.7062722,28.138033,6.0
1556938294000,76.1002982045,127.3473209,36.7065242,27.938683,6.0
1556938295000,75.9361586843,127.3473993,36.7067726,28.110504,8.0
1556938296000,75.8743127789,127.3474932,36.7070161,28.46297,6.0
1556938297000,75.8976636895,127.3475957,36.7072597,28.472214,6.0
1556938298000,76.0373099236,127.3477054,36.7074969,28.255526,8.0
1556938299000,76.1821118567,127.3478151,36.7077334,28.56718,8.0
1556938300000,76.41282849,127.3479324,36.7079748,28.838104,8.0
1556938301000,76.6933407478,127.3480529,36.7082171,28.623331,8.0
1556938302000,76.9468649563,127.3481679,36.7084569,28.588203,6.0
1556938303000,77.2320814506,127.3482866,36.7087014,28.973993,6.0
1556938304000,77.5518837764,127.3484061,36.7089487,29.06013,6.0
1556938305000,77.9147628992,127.3485262,36.7091994,29.245777,6.0
1556938306000,78.2892101214,127.3486454,36.7094532,28.932768,6.0
1556938307000,78.6610972305,127.3487598,36.7097023,29.065746,6.0
1556938308000,78.9498495633,127.3488713,36.7099524,29.29518,6.0
1556938309000,79.1860084363,127.3489759,36.7102095,29.557201,6.0
1556938310000,79.4175215886,127.3490731,36.71047,29.217373,6.0
1556938311000,79.6425860641,127.3491559,36.7107303,29.144136,6.0
1556938312000,79.7931733462,127.3492246,36.7109854,29.136177,6.0
1556938313000,80.0299793338,127.3492778,36.7112467,28.552856,6.0
1556938314000,80.3561629911,127.3493204,36.7115039,28.414648,8.0
1556938315000,80.8189423167,127.3493458,36.7117573,28.394089,12.0
1556938316000,81.2609689329,127.3493405,36.7120157,28.107565,12.0
1556938317000,81.7373653716,127.3493355,36.712275,28.245125,8.0
1556938318000,82.3176589884,127.3493182,36.7125355,28.285572,12.0
1556938319000,83.0163179329,127.3492776,36.7127988,28.413607,12.0
1556938320000,83.7447163366,127.349224,36.7130438,26.894726,12.0
1556938321000,84.3889292277,127.3491548,36.7132747,26.510733,12.0
1556938322000,84.8176525709,127.3490686,36.713503,27.681366,16.0
1556938323000,85.1445007392,127.3489671,36.7137336,27.119905,16.0
1556938324000,85.3269459052,127.3488555,36.7139573,27.169142,16.0
1556938325000,85.4089804541,127.3487505,36.7141696,27.029799,16.0
1556938326000,85.4248240734,127.3486407,36.7143862,26.593992,16.0
1556938327000,85.4371992045,127.3485151,36.7145981,26.537594,24.0
1556938328000,85.5448119808,127.3483619,36.7148072,26.585588,24.0
1556938329000,85.6698636279,127.3481882,36.7150159,26.798597,12.0
1556938330000,85.737383432,127.3480009,36.7152128,26.854132,12.0
1556938331000,85.7360707852,127.3478246,36.7154001,26.68889,16.0
1556938332000,85.7092851899,127.3476453,36.7155862,26.514568,16.0
1556938333000,85.6546300774,127.3474659,36.7157688,26.502247,16.0
1556938334000,85.5427315433,127.3472758,36.7159502,26.09198,16.0
1556938335000,85.5786164925,127.3470174,36.7161451,26.564413,32.0
1556938336000,85.5658452442,127.3468016,36.7163063,26.339066,16.0
1556938337000,85.5775333032,127.3465849,36.7164554,26.234539,16.0
1556938338000,85.6487066542,127.3463488,36.7166016,26.597897,16.0
1556938339000,85.8120391684,127.3460914,36.7167406,26.518269,16.0
1556938340000,86.0227297278,127.3458263,36.7168665,26.787504,16.0
1556938341000,86.3762498215,127.3454973,36.7169708,27.095703,16.0
1556938342000,86.6780751008,127.3451728,36.7170603,27.66435,24.0
1556938343000,86.9093979173,127.3448748,36.7171463,27.615309,16.0
1556938344000,87.048739572,127.3445759,36.7172273,27.864983,16.0
1556938345000,87.2674457513,127.3442686,36.7172757,27.795122,16.0
1556938346000,87.5011365991,127.3439595,36.7173299,28.164185,16.0
1556938347000,87.5598599763,127.3436426,36.7174074,28.279713,16.0
1556938348000,87.5282449955,127.3433266,36.7174921,28.31634,12.0
1556938349000,87.4687518894,127.3430101,36.71756,28.374208,12.0
1556938350000,87.3465209586,127.3426923,36.7176272,28.41976,16.0
1556938351000,87.0747342429,127.3423807,36.7176907,28.589779,16.0
1556938352000,86.5173709183,127.3420763,36.7177488,28.729635,12.0
1556938353000,85.9059721913,127.3417551,36.7178187,28.859566,12.0
1556938354000,85.3199089991,127.3414367,36.7178881,28.995365,12.0
1556938355000,84.814980918,127.3411112,36.7179616,28.973246,12.0
1556938356000,84.3986268746,127.3407862,36.7180361,29.073284,12.0
1556938357000,84.1259968787,127.3404521,36.7181032,29.161037,24.0
1556938358000,84.000815357,127.3401142,36.7181762,29.452044,24.0
1556938359000,83.963048341,127.339774,36.7182547,29.590595,16.0
1556938360000,83.9767144929,127.3394395,36.7183355,29.325811,12.0
1556938361000,84.0488364325,127.33912,36.7184112,29.180683,12.0
1556938362000,84.1239257206,127.3388106,36.7184841,29.25965,12.0
1556938363000,84.1461070279,127.3384999,36.718566,29.09455,8.0
1556938364000,84.1040961092,127.3381863,36.7186519,28.886377,8.0
1556938365000,84.0787037643,127.3378749,36.7187322,28.946415,8.0
1556938366000,84.088184028,127.3375592,36.7188121,29.110104,8.0
1556938367000,84.1615755931,127.337247,36.7188945,29.082256,8.0
1556938368000,84.3214400797,127.3369376,36.7189742,29.336416,8.0
1556938369000,84.586299413,127.3366243,36.7190546,29.266836,8.0
1556938370000,84.7748608636,127.3363116,36.7191365,29.019493,8.0
1556938371000,84.9404229557,127.3360023,36.719222,28.891003,6.0
1556938372000,85.0989176151,127.3356923,36.7193065,29.125448,6.0
1556938373000,85.1663526875,127.3353832,36.7193908,29.027308,6.0
1556938374000,85.1863978336,127.3350768,36.7194731,28.914518,6.0
1556938375000,85.2131996755,127.3347685,36.7195578,29.150402,6.0
1556938376000,85.2010003809,127.3344606,36.7196442,28.927822,8.0
1556938377000,85.1454699448,127.3341539,36.7197289,29.00127,8.0
1556938378000,85.1000943599,127.3338514,36.7198063,29.184765,6.0
1556938379000,85.1659627398,127.3335478,36.7198852,29.064648,6.0
1556938380000,85.298396561,127.3332459,36.7199579,29.073435,6.0
1556938381000,85.3380430364,127.3329398,36.7200337,29.03932,8.0
1556938382000,85.1956790221,127.3326388,36.720108,29.320404,8.0
1556938383000,85.0683140149,127.3323276,36.720189,29.099,8.0
1556938384000,85.0240855515,127.3320217,36.7202707,29.14203,8.0
1556938385000,85.036188729,127.3317166,36.720353,28.99818,12.0
1556938386000,85.0570955652,127.331414,36.7204386,28.954088,16.0
1556938387000,85.1262684734,127.3311098,36.7205244,28.917461,16.0
1556938388000,85.1440647853,127.3308031,36.720611,28.716787,16.0
1556938389000,85.1552131959,127.330501,36.7206946,28.775537,16.0
1556938390000,85.0594549461,127.330199,36.7207818,28.809643,16.0
1556938391000,84.9184717812,127.3298954,36.72087,28.82352,24.0
1556938392000,84.7661446234,127.3295893,36.7209604,28.74857,32.0
1556938393000,84.6343657031,127.3292874,36.7210614,28.744724,16.0
1556938394000,84.5039749738,127.3289901,36.7211596,28.798145,16.0
1556938395000,84.3469549807,127.328695,36.7212569,28.677227,24.0
1556938396000,84.2055087549,127.3283978,36.7213597,28.762028,16.0
1556938397000,84.0862237945,127.3281056,36.7214634,28.605858,8.0
1556938398000,83.932769453,127.3278138,36.7215745,28.662218,12.0
1556938399000,83.691442316,127.3275239,36.7216875,28.602673,24.0
1556938400000,83.4432982871,127.3272393,36.7217996,28.538256,24.0
1556938401000,83.2069178258,127.3269465,36.7219146,28.687696,24.0
1556938402000,83.0219809632,127.3266559,36.7220308,28.805986,16.0
1556938403000,82.8280153687,127.3263728,36.7221495,28.803053,24.0
1556938404000,82.624746255,127.3260818,36.7222712,28.710522,24.0
1556938405000,82.4229636185,127.3258111,36.7223858,28.68958,24.0
1556938406000,82.1066512254,127.3255511,36.7225028,28.589148,24.0
1556938407000,81.6486172211,127.3252989,36.7226183,28.858822,24.0
1556938408000,81.0797580681,127.3250455,36.722737,28.621624,24.0
1556938409000,80.2165132789,127.3247685,36.7228663,28.494997,16.0
1556938410000,79.2609425659,127.3244848,36.7229969,28.419521,16.0
1556938411000,78.3002983421,127.3241922,36.7231292,28.200455,16.0
1556938412000,77.7077839928,127.3239247,36.7232487,28.542664,16.0
1556938413000,77.3833672858,127.3236499,36.7233645,28.77631,12.0
1556938414000,77.2183133635,127.3233629,36.7234788,28.65106,12.0
1556938415000,77.134155535,127.3230646,36.7235877,28.327127,16.0
1556938416000,77.1175911676,127.3227655,36.7236949,28.3659,12.0
1556938417000,77.2271051562,127.322477,36.7237964,28.435032,12.0
1556938418000,77.6189585242,127.3221952,36.7238803,28.370876,12.0
1556938419000,78.1667239718,127.3219076,36.7239555,28.54763,12.0
1556938420000,78.732430381,127.3216095,36.7240241,28.581469,12.0
1556938421000,79.1683403996,127.3213085,36.7240875,28.47985,12.0
1556938422000,79.5422716777,127.3210009,36.7241493,28.390038,12.0
1556938423000,79.9560186312,127.3206986,36.7242042,28.119814,12.0
1556938424000,80.3315923737,127.3203988,36.7242558,28.203989,8.0
1556938425000,80.5923387158,127.3201097,36.7243053,28.157816,8.0
1556938426000,80.8136442471,127.319818,36.7243533,28.452736,8.0
1556938427000,81.0677056445,127.3195154,36.7244044,28.795073,8.0
1556938428000,81.5413749038,127.3192049,36.7244569,28.99127,6.0
1556938429000,82.0881407859,127.3188871,36.7245109,28.740906,6.0
1556938430000,82.8263805528,127.3185676,36.7245662,28.723785,6.0
1556938431000,83.5876739783,127.3182492,36.72462,28.579153,6.0
1556938432000,84.3679130334,127.3179313,36.7246729,28.62875,6.0
1556938433000,85.1040423253,127.3176127,36.724722,28.331486,6.0
1556938434000,85.7375710347,127.3172962,36.7247717,28.47234,6.0
1556938435000,86.3027704324,127.3169737,36.7248226,29.00229,6.0
1556938436000,86.7728645666,127.3166517,36.724875,28.30282,6.0
1556938437000,87.1991281928,127.3163374,36.7249258,28.092537,6.0
1556938438000,87.5763305543,127.3160223,36.7249773,28.683075,6.0
1556938439000,87.9483155754,127.315704,36.7250277,28.547651,6.0
1556938440000,87.9271680019,127.3153863,36.7250809,28.565784,6.0
1556938441000,87.9556518327,127.3150712,36.7251348,28.499334,6.0
1556938442000,88.0100418609,127.3147551,36.7251872,28.822483,6.0
1556938443000,88.0415892288,127.3144375,36.7252436,28.914999,6.0
1556938444000,88.0882348122,127.3141227,36.725299,28.40314,6.0
1556938445000,88.0983830425,127.313809,36.725354,28.608267,6.0
1556938446000,88.1059760812,127.3134939,36.7254084,29.10407,6.0
1556938447000,88.1015236451,127.3131757,36.725463,28.63824,6.0
1556938448000,88.0891455407,127.3128631,36.7255164,28.291103,6.0
1556938449000,88.0569938845,127.312554,36.7255692,28.272806,6.0
1556938450000,87.9995178949,127.3122397,36.7256217,28.96426,6.0
1556938451000,87.9405040981,127.31193,36.7256763,28.630129,6.0
1556938452000,87.869049635,127.3116223,36.7257298,28.435923,6.0
1556938453000,87.7929209317,127.3113146,36.7257825,28.448107,6.0
1556938454000,87.6839933575,127.3110067,36.7258364,28.376905,6.0
1556938455000,87.5756909944,127.3106997,36.7258925,28.288486,6.0
1556938456000,87.4280032147,127.3103929,36.7259552,28.248367,6.0
1556938457000,87.2554494662,127.3100893,36.7260217,28.334757,6.0
1556938458000,87.0648692456,127.3097802,36.7260981,28.286865,6.0
1556938459000,86.8348451181,127.3094729,36.7261774,28.606915,8.0
1556938460000,86.6594566206,127.3091719,36.7262607,28.396208,8.0
1556938461000,86.5149794673,127.3088761,36.7263466,28.670088,8.0
1556938462000,86.385648732,127.3085791,36.7264425,28.879183,6.0
1556938463000,86.2846563988,127.3082839,36.7265413,29.177969,8.0
1556938464000,86.2194699137,127.3079867,36.7266503,29.348604,12.0
1556938465000,86.1853899209,127.3076845,36.7267628,29.526243,12.0
1556938466000,86.1762812113,127.3073835,36.7268745,29.473013,12.0
1556938467000,86.1312020778,127.3070845,36.7269908,29.133825,12.0
1556938468000,85.9834460343,127.3068,36.7271033,29.015022,8.0
1556938469000,85.78971032,127.3065145,36.7272202,28.912376,8.0
1556938470000,85.6034913462,127.3062285,36.727339,28.925344,8.0
1556938471000,85.4288963602,127.3059436,36.7274614,29.122562,8.0
1556938472000,85.2210253783,127.305669,36.7275823,28.79018,8.0
1556938473000,84.9646668153,127.3053948,36.7277011,28.617342,8.0
1556938474000,84.6802559907,127.3051202,36.7278179,28.604574,8.0
1556938475000,84.3054478721,127.3048435,36.7279349,28.206654,8.0
1556938476000,83.954687682,127.3045677,36.7280498,28.086143,8.0
1556938477000,83.6338590733,127.3042937,36.7281618,28.132488,8.0
1556938478000,83.3845929498,127.3040167,36.728272,28.229975,8.0
1556938479000,83.1627367887,127.303738,36.7283821,28.174402,6.0
1556938480000,82.9537032558,127.3034608,36.7284937,27.847935,6.0
1556938481000,82.7541365367,127.3031835,36.7286065,28.186176,6.0
1556938482000,82.5404883066,127.3029044,36.7287236,28.160667,6.0
1556938483000,82.3476094254,127.302627,36.728837,28.292753,6.0
1556938484000,82.2147647001,127.3023441,36.7289532,28.55613,6.0
1556938485000,82.1038749814,127.3020593,36.7290693,28.507063,6.0
1556938486000,81.9811391456,127.3017723,36.7291873,28.361996,6.0
1556938487000,81.8846590171,127.30149,36.7293034,28.211891,6.0
1556938488000,81.7853307922,127.3012073,36.7294189,27.909166,6.0
1556938489000,81.7046739925,127.300924,36.7295378,27.621758,6.0
1556938490000,81.669036546,127.3006416,36.7296579,28.064095,6.0
1556938491000,81.6436569298,127.300354,36.7297789,28.244608,4.0
1556938492000,81.5975396427,127.3000676,36.7299001,28.34011,4.0
1556938493000,81.5313559092,127.2997808,36.7300222,28.43142,4.0
1556938494000,81.4735374546,127.2994945,36.7301427,28.445004,4.0
1556938495000,81.4238463744,127.2992126,36.73026,28.796436,4.0
1556938496000,81.3924401682,127.2989283,36.730378,28.544128,8.0
1556938497000,81.3896361825,127.2986485,36.7304918,28.476421,8.0
1556938498000,81.4360381538,127.2983678,36.7306045,28.55471,8.0
1556938499000,81.5240386454,127.2980881,36.7307173,28.607733,8.0
1556938500000,81.6118278548,127.2978077,36.730834,28.732302,8.0
1556938501000,81.6822171855,127.2975259,36.7309509,28.681734,8.0
1556938502000,81.7288768587,127.2972416,36.7310681,28.711391,6.0
1556938503000,81.7546810736,127.2969573,36.7311849,28.649637,6.0
1556938504000,81.7415664449,127.2966726,36.7313008,28.655245,6.0
1556938505000,81.7662435759,127.2963841,36.7314201,28.626213,6.0
1556938506000,81.8282029719,127.2960968,36.7315384,28.845339,6.0
1556938507000,81.9104082509,127.2958112,36.7316533,28.570436,8.0
1556938508000,81.9785813352,127.2955257,36.7317677,28.503706,6.0
1556938509000,82.0567152307,127.2952434,36.7318792,28.547823,6.0
1556938510000,82.134367038,127.2949588,36.7319907,28.215158,6.0
1556938511000,82.2357057339,127.2946774,36.7321035,28.175182,6.0
1556938512000,82.3525647748,127.2944026,36.7322148,28.618345,6.0
1556938513000,82.4990558082,127.2941187,36.7323331,28.807549,6.0
1556938514000,82.6969717301,127.2938353,36.7324511,28.688171,12.0
1556938515000,83.1479143578,127.2935515,36.7325667,28.882586,8.0
1556938516000,83.5658230223,127.2932659,36.7326799,28.713757,8.0
1556938517000,83.9281891359,127.2929776,36.732796,28.635828,6.0
1556938518000,84.1474095593,127.2926876,36.7329104,28.462458,6.0
1556938519000,84.3024348386,127.2923965,36.733027,28.479734,6.0
1556938520000,84.4581022033,127.2921014,36.7331493,28.582106,8.0
1556938521000,84.5688442066,127.2918069,36.73327,28.30926,8.0
1556938522000,84.6642249556,127.2915157,36.7333877,28.433418,8.0
1556938523000,84.7920648834,127.2912255,36.7335052,28.067944,8.0
1556938524000,85.0007726856,127.2909376,36.7336214,27.964146,6.0
1556938525000,85.2297851773,127.2906529,36.7337354,27.691315,6.0
1556938526000,85.4688382083,127.2903724,36.733842,27.43972,6.0
1556938527000,85.6819311671,127.2900896,36.7339448,27.308441,4.0
1556938528000,85.8661375838,127.2898077,36.7340452,27.33109,4.0
1556938529000,86.0581536373,127.2895214,36.7341388,27.346062,4.0
1556938530000,86.2341167561,127.2892325,36.7342302,27.180748,4.0
1556938531000,86.3722368135,127.2889386,36.734311,27.607508,6.0
1556938532000,86.4743776266,127.2886349,36.7343788,27.74052,6.0
1556938533000,86.5469241871,127.2883305,36.7344376,27.71312,8.0
1556938534000,86.6301960443,127.2880169,36.7344847,27.966536,8.0
1556938535000,86.6957042449,127.2877002,36.7345268,27.947641,8.0
1556938536000,86.7619660833,127.2873798,36.7345541,28.22976,8.0
1556938537000,86.8300349195,127.2870579,36.7345804,28.466824,6.0
1556938538000,86.9074530547,127.2867351,36.7345933,28.571575,8.0
1556938539000,86.897473877,127.2864155,36.7345953,28.468096,8.0
1556938540000,86.8501483049,127.2860898,36.734592,28.751434,12.0
1556938541000,86.7635146747,127.2857683,36.7345758,28.583817,12.0
1556938542000,86.645489125,127.2854649,36.7345319,28.664618,16.0
1556938543000,86.5057851107,127.2851502,36.7344847,28.655678,16.0
1556938544000,86.3897533521,127.2848439,36.7344348,28.697609,16.0
1556938545000,86.2474429369,127.2845367,36.7343787,28.91108,12.0
1556938546000,86.0687574441,127.2842244,36.7343166,28.718523,12.0
1556938547000,85.8264935837,127.2839131,36.7342544,29.043375,12.0
1556938548000,85.8039920836,127.2836249,36.7341851,28.883312,12.0
1556938549000,85.9606018935,127.2833188,36.7341185,29.087986,8.0
1556938550000,86.1639683122,127.2830169,36.7340598,28.904825,8.0
1556938551000,86.3792337096,127.2827164,36.734002,28.697546,8.0
1556938552000,86.6002374219,127.2824039,36.7339459,29.156366,8.0
1556938553000,86.831902099,127.2820981,36.733892,28.712872,8.0
1556938554000,87.0679128615,127.2817921,36.7338411,28.161667,8.0
1556938555000,87.3285932164,127.2814879,36.733789,28.154558,8.0
1556938556000,87.6087772377,127.281184,36.7337376,27.829103,8.0
1556938557000,87.8941310532,127.2808794,36.7336855,27.577335,12.0
1556938558000,88.182468185,127.2805773,36.7336351,27.854958,12.0
1556938559000,88.4387400171,127.2802776,36.7335846,27.671854,12.0
1556938560000,88.6426899438,127.2799865,36.7335384,27.310328,12.0
1556938561000,88.8259153698,127.2796918,36.7334929,27.581238,8.0
1556938562000,89.0613950556,127.2793907,36.7334449,28.205692,12.0
1556938563000,89.4101273251,127.2790842,36.7333905,27.786066,12.0
1556938564000,89.9512281138,127.278777,36.7333321,28.158745,12.0
1556938565000,90.5888562419,127.2784649,36.7332763,28.366714,12.0
1556938566000,91.298784884,127.2781471,36.7332238,28.82447,8.0
1556938567000,92.0505040856,127.2778252,36.7331714,28.677977,8.0
1556938568000,92.7086179138,127.2775076,36.7331184,28.336046,8.0
1556938569000,93.2515786111,127.2771945,36.7330654,28.437717,6.0
1556938570000,93.7749404936,127.2768829,36.7330134,28.65411,6.0
1556938571000,94.2426792534,127.2765667,36.7329617,28.835037,6.0
1556938572000,94.6650276216,127.2762424,36.732909,29.345543,6.0
1556938573000,95.0133519634,127.2759154,36.7328564,29.019802,6.0
1556938574000,95.2285172661,127.2755921,36.7328039,29.145613,6.0
1556938575000,95.388952787,127.2752684,36.7327512,29.199795,8.0
1556938576000,95.5636045617,127.2749476,36.7326989,29.144503,8.0
1556938577000,95.7239923869,127.2746203,36.732648,29.50523,8.0
1556938578000,95.8388537077,127.2742951,36.7325977,29.285551,6.0
1556938579000,95.8361308667,127.2739764,36.732547,29.033718,6.0
1556938580000,95.8483720066,127.2736574,36.7324936,29.005457,6.0
1556938581000,95.9886171356,127.2733404,36.7324399,28.55393,6.0
1556938582000,96.0937283888,127.2730246,36.7323875,28.183792,6.0
1556938583000,96.2201994723,127.2727082,36.732334,28.00497,8.0
1556938584000,96.4470973343,127.272396,36.732282,27.899204,8.0
1556938585000,96.703951936,127.272093,36.7322344,27.985855,8.0
1556938586000,96.975426295,127.2717871,36.7321857,27.97309,8.0
1556938587000,97.2287062334,127.2714768,36.7321333,28.162329,6.0
1556938588000,97.4180907772,127.271168,36.7320809,27.97605,6.0
1556938589000,97.5394935375,127.2708635,36.732029,27.671066,6.0
1556938590000,97.6261270507,127.2705629,36.7319771,27.780811,12.0
1556938591000,97.7334871377,127.2702633,36.7319257,27.741457,12.0
1556938592000,97.8371277893,127.2699576,36.7318735,27.97136,8.0
1556938593000,97.9219469833,127.2696518,36.7318227,27.917313,8.0
1556938594000,98.0246571842,127.2693453,36.7317727,28.105991,8.0
1556938595000,98.1564398041,127.2690307,36.7317242,28.162083,8.0
1556938596000,98.352849872,127.2687082,36.7316762,28.310472,8.0
1556938597000,98.5918426113,127.2683993,36.7316276,28.68161,8.0
1556938598000,98.882354225,127.268086,36.7315768,28.67487,8.0
1556938599000,99.1750325321,127.2677808,36.7315281,28.677229,8.0
1556938600000,99.4408550681,127.2674673,36.7314792,28.550037,6.0
1556938601000,99.6236528384,127.2671464,36.7314318,28.64985,6.0
1556938602000,99.7021230314,127.2668197,36.731385,29.610464,6.0
1556938603000,99.7603332079,127.2664845,36.7313456,28.969866,6.0
1556938604000,99.7901528092,127.2661628,36.7313088,28.534037,6.0
1556938605000,99.7885739246,127.2658452,36.731279,28.808237,6.0
1556938606000,99.7264332204,127.2655274,36.7312523,28.252758,12.0
1556938607000,99.6731456706,127.2652212,36.7312298,27.283606,8.0
1556938608000,99.6288085337,127.2649139,36.731219,26.99247,8.0
1556938609000,99.6032042041,127.2646142,36.7312119,26.735638,8.0
1556938610000,99.6484541216,127.2643218,36.7312068,26.047785,8.0
1556938611000,99.7301408902,127.2640396,36.7312079,25.698124,8.0
1556938612000,99.793971984,127.2637591,36.7312195,25.296646,8.0
1556938613000,99.8281936409,127.2634883,36.7312424,24.785223,8.0
1556938614000,99.7234156699,127.2632261,36.7312707,24.44038,8.0
1556938615000,99.6207575816,127.2629591,36.7313183,24.43795,8.0
1556938616000,99.5272686482,127.2626815,36.7313709,24.984726,8.0
1556938617000,99.4492951219,127.2623921,36.7314379,25.722492,8.0
1556938618000,99.4125651468,127.2621023,36.7315193,26.696226,8.0
1556938619000,99.3880429723,127.2618139,36.7316136,26.992842,12.0
1556938620000,99.4132682126,127.2615261,36.7317167,27.085258,12.0
1556938621000,99.4806287948,127.2612478,36.7318246,27.325338,12.0
1556938622000,99.6060491492,127.2609622,36.7319504,27.797731,12.0
1556938623000,99.7612296252,127.2606728,36.732088,28.167969,16.0
1556938624000,99.9361656729,127.260388,36.73223,28.52532,16.0
1556938625000,100.098457473,127.2601109,36.7323739,28.922268,16.0
1556938626000,100.26306967,127.2598365,36.7325271,29.314396,16.0
1556938627000,100.481068952,127.2595605,36.732685,28.931458,12.0
1556938628000,100.731324949,127.2592878,36.7328461,29.023092,16.0
1556938629000,100.990245862,127.2590059,36.7330116,28.736559,16.0
1556938630000,101.220140209,127.2587341,36.733171,28.72282,8.0
1556938631000,101.385074085,127.2584647,36.7333247,28.404514,16.0
1556938632000,101.540928331,127.2581993,36.7334776,28.298143,12.0
1556938633000,101.754397556,127.2579322,36.7336315,28.289738,16.0
1556938634000,102.072536861,127.2576711,36.7337792,28.278072,8.0
1556938635000,102.458410365,127.2574077,36.7339279,28.387602,12.0
1556938636000,102.873449547,127.2571443,36.7340751,28.153585,12.0
1556938637000,103.317806173,127.2568776,36.7342246,27.953169,12.0
1556938638000,103.761978587,127.2566155,36.7343746,27.492971,16.0
1556938639000,104.21280064,127.2563555,36.7345224,27.336735,16.0
1556938640000,104.674186431,127.2561122,36.7346601,27.188995,16.0
1556938641000,105.128602274,127.2558633,36.7348006,27.16774,8.0
1556938642000,105.606387219,127.2556047,36.7349477,27.10143,12.0
1556938643000,106.058402906,127.2553537,36.7350908,26.809694,12.0
1556938644000,106.498881416,127.2551004,36.7352353,26.812834,12.0
1556938645000,106.912938593,127.2548478,36.73538,26.74174,12.0
1556938646000,107.275147658,127.2545961,36.735524,26.804434,12.0
1556938647000,107.58017692,127.2543419,36.7356674,26.742172,12.0
1556938648000,107.728857395,127.2540852,36.7358121,26.888823,12.0
1556938649000,107.933068605,127.2538303,36.7359517,26.943537,12.0
1556938650000,108.192642157,127.2535744,36.7360931,27.110239,12.0
1556938651000,108.533356793,127.2533186,36.7362369,27.41667,12.0
1556938652000,108.885636909,127.2530627,36.7363811,27.56756,12.0
1556938653000,109.23937097,127.2528079,36.7365226,27.543142,8.0
1556938654000,109.599401021,127.2525531,36.7366634,27.6978,8.0
1556938655000,109.909585549,127.2523017,36.7368058,27.73502,8.0
1556938656000,110.132346387,127.2520452,36.7369508,27.705093,8.0
1556938657000,110.293663991,127.2517877,36.7370974,27.989702,8.0
1556938658000,110.411862028,127.2515175,36.7372514,27.968924,8.0
1556938659000,110.469145027,127.2512488,36.7374028,28.066023,8.0
1556938660000,110.415090665,127.2509811,36.7375539,28.284575,8.0
1556938661000,110.341494481,127.2507176,36.7377037,28.509212,8.0
1556938662000,110.303579994,127.2504553,36.7378548,28.654856,8.0
1556938663000,110.28499894,127.2501859,36.738009,28.123945,8.0
1556938664000,110.284336975,127.2499183,36.7381621,28.093636,8.0
1556938665000,110.299679834,127.2496459,36.7383167,28.723902,12.0
1556938666000,110.338889471,127.2493621,36.7384787,29.04944,12.0
1556938667000,110.387307196,127.2490912,36.7386312,28.983885,8.0
1556938668000,110.402689747,127.248821,36.7387821,28.992216,8.0
1556938669000,110.398612381,127.2485507,36.7389309,29.007174,8.0
1556938670000,110.4035004,127.2482795,36.7390804,29.131004,8.0
1556938671000,110.4092828,127.2480129,36.7392286,29.063255,8.0
1556938672000,110.570221875,127.2477478,36.7393765,28.974688,12.0
1556938673000,110.773563374,127.2474827,36.7395241,28.985659,12.0
1556938674000,110.926299583,127.2472137,36.7396738,29.060198,12.0
1556938675000,110.867351708,127.2469362,36.7398274,29.138525,12.0
1556938676000,110.304042556,127.2466536,36.7399794,28.969784,12.0
1556938677000,109.670549023,127.246369,36.7401293,29.310963,12.0
1556938678000,109.28775859,127.2460928,36.7402772,29.334139,12.0
1556938679000,109.093642495,127.245812,36.7404289,28.651329,12.0
1556938680000,109.235883179,127.2455394,36.7405823,28.667976,12.0
1556938681000,109.475716842,127.2452662,36.7407372,28.500124,8.0
1556938682000,109.839392607,127.2449971,36.7408898,28.393595,8.0
1556938683000,110.216005107,127.2447329,36.7410341,28.33879,8.0
1556938684000,110.645575164,127.2444694,36.7411803,27.828686,8.0
1556938685000,111.069266498,127.2442044,36.7413268,28.04876,8.0
1556938686000,111.400067348,127.2439445,36.7414695,27.83766,8.0
1556938687000,111.640730079,127.2436873,36.7416139,27.940916,8.0
1556938688000,111.919348355,127.2434316,36.7417567,27.896759,8.0
1556938689000,112.284250061,127.2431775,36.7418979,27.72168,8.0
1556938690000,112.588044728,127.2429175,36.7420394,28.040615,8.0
1556938691000,112.921945486,127.2426595,36.742185,28.020119,8.0
1556938692000,113.211190047,127.242403,36.7423267,28.008064,8.0
1556938693000,113.423759123,127.2421427,36.7424702,28.185987,8.0
1556938694000,113.495027196,127.241879,36.7426151,28.236338,8.0
1556938695000,113.413331328,127.2416153,36.7427589,28.141098,8.0
1556938696000,113.275669502,127.2413556,36.7429005,28.119219,8.0
1556938697000,113.079264957,127.2410941,36.7430396,28.088064,8.0
1556938698000,113.146904796,127.2408268,36.7431754,28.005472,8.0
1556938699000,113.147886151,127.2405563,36.7433109,28.122358,8.0
1556938700000,113.155525214,127.2402879,36.7434425,27.796698,8.0
1556938701000,113.140278442,127.2400134,36.7435651,27.854942,8.0
1556938702000,113.143377608,127.2397381,36.7436768,27.656591,12.0
1556938703000,113.120610264,127.2394607,36.743786,27.63931,8.0
1556938704000,113.088614506,127.2391733,36.7438902,27.83304,8.0
1556938705000,113.137444493,127.238886,36.7439891,27.940195,12.0
1556938706000,113.0373266,127.2385805,36.7440828,28.48922,12.0
1556938707000,112.735580314,127.2382765,36.74416,28.074331,12.0
1556938708000,112.353402788,127.2379673,36.7442349,28.576044,8.0
1556938709000,112.081131812,127.2376538,36.7443018,28.980062,12.0
1556938710000,111.833394554,127.2373384,36.7443628,29.102575,12.0
1556938711000,111.561610708,127.2370152,36.744418,29.48721,12.0
1556938712000,111.306094267,127.2366736,36.7444733,30.268007,12.0
1556938713000,111.034910782,127.236329,36.7445242,29.934813,16.0
1556938714000,110.75847345,127.2359858,36.7445748,30.477531,12.0
1556938715000,110.433292168,127.2356414,36.7446238,29.802965,12.0
1556938716000,110.038056927,127.235297,36.7446721,30.230831,12.0
1556938717000,109.636880145,127.2349546,36.7447187,30.444101,12.0
1556938718000,109.237564592,127.2346115,36.744764,30.176191,8.0
1556938719000,108.909303406,127.2342642,36.7448098,30.208721,8.0
1556938720000,108.268871153,127.2339224,36.7448563,29.815071,8.0
1556938721000,105.824952452,127.2335947,36.744906,29.585121,8.0
1556938722000,103.836579141,127.2332599,36.744946,29.34513,12.0
1556938723000,102.209305457,127.2329329,36.7449853,28.961962,12.0
1556938724000,100.930919177,127.2326165,36.7450228,28.660807,12.0
1556938725000,99.9616864614,127.2323089,36.7450574,28.665976,12.0
1556938726000,99.202693923,127.2319968,36.7450937,28.77261,8.0
1556938727000,98.630584448,127.2316827,36.7451295,28.888254,12.0
1556938728000,98.1379861173,127.2313652,36.7451665,28.895672,12.0
1556938729000,97.7693149437,127.2310463,36.7452033,28.55599,12.0
1556938730000,97.580358849,127.230733,36.7452368,28.093487,12.0
1556938731000,97.5559549113,127.2304194,36.7452715,27.918373,12.0
1556938732000,97.5885595061,127.2301058,36.7453064,28.045464,8.0
1556938733000,97.7593331298,127.229789,36.7453421,28.081459,8.0
1556938734000,97.9352294494,127.2294778,36.7453767,27.630495,8.0
1556938735000,98.0793783388,127.2291724,36.7454097,27.815208,8.0
1556938736000,98.2106874824,127.2288645,36.7454447,27.51274,8.0
1556938737000,98.3984401202,127.228554,36.7454801,27.969795,8.0
1556938738000,98.6357629401,127.2282428,36.7455146,27.908783,8.0
1556938739000,98.976331109,127.2279363,36.7455477,26.99672,12.0
1556938740000,99.2897976444,127.2276296,36.7455788,27.626076,8.0
1556938741000,99.5727040745,127.2273211,36.7456095,27.524124,8.0
1556938742000,99.8389792886,127.2270057,36.7456419,27.746603,8.0
1556938743000,100.05575716,127.2266878,36.7456748,27.476969,8.0
1556938744000,100.242784665,127.2263794,36.7457076,27.300156,8.0
1556938745000,100.414787463,127.2260752,36.7457489,27.124336,8.0
1556938746000,100.557591125,127.2257733,36.745792,27.509417,8.0
1556938747000,100.706455318,127.2254763,36.7458477,27.366865,8.0
1556938748000,100.847746826,127.2251794,36.7459139,27.471428,12.0
1556938749000,101.018961956,127.2248859,36.745981,27.569338,12.0
1556938750000,101.281102458,127.2245949,36.7460528,28.554722,12.0
1556938751000,101.64541137,127.224311,36.7461426,28.4485,16.0
1556938752000,102.032838357,127.2240244,36.7462423,28.549988,12.0
1556938753000,102.44774637,127.2237351,36.7463537,28.739742,12.0
1556938754000,102.922235668,127.2234532,36.7464718,28.809118,16.0
1556938755000,103.398205254,127.2231741,36.746598,28.884333,16.0
1556938756000,103.852370821,127.2229009,36.7467288,28.84944,16.0
1556938757000,104.279412514,127.2226288,36.7468709,29.035164,12.0
1556938758000,104.701129567,127.222371,36.7470196,28.647646,12.0
1556938759000,105.113363677,127.2221306,36.7471837,28.748926,16.0
1556938760000,105.554744381,127.221891,36.7473693,29.111647,16.0
1556938761000,106.038964318,127.2216539,36.7475569,29.399567,16.0
1556938762000,106.520088883,127.2214378,36.7477475,28.814968,16.0
1556938763000,106.950375581,127.2212279,36.747945,28.31886,16.0
1556938764000,107.360785601,127.2210185,36.7481354,27.860487,12.0
1556938765000,107.723413947,127.2208077,36.7483336,29.024195,12.0
1556938766000,108.07991161,127.2206169,36.7485353,29.344585,16.0
1556938767000,108.388673505,127.2204286,36.7487571,29.921492,24.0
1556938768000,108.568970061,127.2202588,36.7489705,29.045807,24.0
1556938769000,108.73761502,127.2200874,36.749201,29.018526,16.0
1556938770000,108.930165117,127.2199236,36.7494442,29.249289,16.0
1556938771000,109.202217357,127.2197761,36.7496822,29.430416,16.0
1556938772000,109.523773242,127.2196359,36.7499284,29.176064,16.0
1556938773000,109.869334051,127.2195225,36.7501673,28.76853,16.0
1556938774000,110.245019442,127.2194162,36.7504095,28.567568,16.0
1556938775000,110.628977367,127.2193198,36.7506598,28.553648,16.0
1556938776000,111.131616686,127.2192428,36.7508987,28.524511,16.0
1556938777000,111.178098755,127.2191802,36.7511491,28.985523,16.0
1556938778000,110.976756924,127.2191362,36.7513896,28.852034,16.0
1556938779000,110.678708572,127.2190967,36.7516285,28.274748,16.0
1556938780000,110.315387016,127.2190692,36.7518808,28.031607,12.0
1556938781000,109.971119484,127.2190523,36.7521451,28.90473,12.0
1556938782000,109.693811494,127.2190398,36.7524146,28.75372,12.0
1556938783000,109.559002306,127.2190244,36.7526773,28.600542,12.0
1556938784000,109.547214991,127.2190117,36.7529368,28.474771,8.0
1556938785000,109.634287264,127.218998,36.7531986,28.880966,8.0
1556938786000,109.802358914,127.2189829,36.7534662,28.940884,8.0
1556938787000,110.054370407,127.2189705,36.7537305,28.609358,8.0
1556938788000,110.353810425,127.2189574,36.7539928,28.625257,8.0
1556938789000,110.687823313,127.2189427,36.7542534,28.35095,8.0
1556938790000,111.034398816,127.2189282,36.7545106,28.432693,6.0
1556938791000,111.393596975,127.2189147,36.7547678,28.437351,6.0
1556938792000,111.662292582,127.2188971,36.7550285,28.523008,6.0
1556938793000,111.85960863,127.2188808,36.7552889,28.51915,6.0
1556938794000,111.992272742,127.2188656,36.7555473,28.499784,6.0
1556938795000,112.062952688,127.2188516,36.7558051,28.436861,6.0
1556938796000,112.194607585,127.2188422,36.7560622,28.468895,6.0
1556938797000,112.378186364,127.2188321,36.7563176,28.55829,6.0
1556938798000,112.667704319,127.2188208,36.756575,28.456154,6.0
1556938799000,112.948503491,127.2188068,36.7568326,28.592089,6.0
1556938800000,113.267997991,127.2187907,36.7570852,28.234058,6.0
1556938801000,113.632276662,127.2187729,36.7573351,28.18984,6.0
1556938802000,113.988715088,127.2187535,36.7575836,27.71736,6.0
1556938803000,114.347878413,127.2187301,36.7578295,27.903522,6.0
1556938804000,114.687873393,127.2186957,36.7580745,27.377842,6.0
1556938805000,115.006831077,127.2186452,36.7583199,27.74046,6.0
1556938806000,115.287750236,127.2185816,36.758563,27.893696,6.0
1556938807000,115.576225882,127.2185026,36.7588046,27.764402,6.0
1556938808000,115.933805622,127.2184123,36.7590461,27.426422,8.0
1556938809000,116.265380268,127.2183103,36.7592866,27.536715,8.0
1556938810000,116.600263878,127.218189,36.7595214,27.780819,8.0
1556938811000,116.8901598,127.2180614,36.7597515,27.389025,12.0
1556938812000,117.12885362,127.217916,36.7599778,27.694609,12.0
1556938813000,117.332611737,127.2177498,36.7601908,27.563635,12.0
1556938814000,117.51595027,127.2175808,36.7603876,26.453938,24.0
1556938815000,117.803965641,127.2173816,36.7605826,27.193733,16.0
1556938816000,118.020869225,127.2171712,36.7607634,26.171562,16.0
1556938817000,118.173799411,127.2169492,36.760927,26.271593,16.0
1556938818000,118.301213306,127.2167171,36.7610768,26.600178,24.0
1556938819000,118.374457336,127.2164722,36.7612179,26.815125,24.0
1556938820000,118.352156127,127.2162096,36.7613416,26.287828,24.0
1556938821000,118.259137306,127.2159435,36.7614618,26.375933,24.0
1556938822000,118.123162583,127.2156787,36.7615802,26.45304,24.0
1556938823000,117.957716292,127.2154112,36.7616993,26.949669,24.0
1556938824000,117.749508728,127.2151403,36.7618166,26.93499,24.0
1556938825000,117.53628171,127.2148662,36.761935,27.161016,24.0
1556938826000,117.334802059,127.2145981,36.7620513,27.315907,24.0
1556938827000,117.222676286,127.2143325,36.7621686,27.467611,24.0
1556938828000,117.067881554,127.2140556,36.7622915,27.926107,24.0
1556938829000,116.951515453,127.2137767,36.762419,28.04117,12.0
1556938830000,116.804152437,127.2134925,36.7625493,28.141764,16.0
1556938831000,116.62991603,127.2132113,36.7626778,28.103802,16.0
1556938832000,116.423113313,127.2129376,36.7628037,28.115852,16.0
1556938833000,116.197453388,127.2126507,36.7629355,28.14574,16.0
1556938834000,115.988836674,127.2123661,36.7630669,28.138884,16.0
1556938835000,115.823888781,127.2120907,36.763193,27.949142,12.0
1556938836000,115.25403546,127.2118096,36.7633177,28.184813,12.0
1556938837000,114.518070744,127.2115287,36.7634441,28.10579,16.0
1556938838000,113.85888109,127.2112564,36.7635676,28.28849,12.0
1556938839000,113.470407168,127.2109883,36.7636904,28.376097,16.0
1556938840000,113.124436017,127.2107002,36.7638222,28.4023,16.0
1556938841000,112.348599862,127.2104169,36.7639483,28.305847,16.0
1556938842000,111.433526812,127.2101109,36.7640869,28.322802,16.0
1556938843000,110.465900852,127.2098276,36.7642151,28.131529,12.0
1556938844000,109.616626848,127.2095253,36.7643445,28.335138,12.0
1556938845000,108.843218834,127.209219,36.7644725,28.230715,12.0
1556938846000,108.163032244,127.2089193,36.7645968,28.093464,12.0
1556938847000,107.637709069,127.2086418,36.7647211,27.880865,8.0
1556938848000,107.253048347,127.2083611,36.7648481,27.863846,8.0
1556938849000,106.818596941,127.2080731,36.764975,27.712204,8.0
1556938850000,106.425573787,127.207793,36.7650997,27.850712,8.0
1556938851000,106.097424251,127.2075201,36.7652214,27.810835,8.0
1556938852000,105.805714682,127.2072502,36.7653409,27.62745,8.0
1556938853000,105.445620374,127.2069791,36.7654584,27.753994,8.0
1556938854000,105.132649857,127.2067051,36.7655761,27.734873,8.0
1556938855000,104.980421928,127.2064284,36.765694,27.481178,12.0
1556938856000,104.969220423,127.2061454,36.7658016,27.350697,12.0
1556938857000,105.086719196,127.2058591,36.7659049,26.813475,12.0
1556938858000,105.366495502,127.2055701,36.7659943,26.832531,12.0
1556938859000,105.618586199,127.205275,36.7660853,27.380905,16.0
1556938860000,105.819692961,127.2049527,36.7661782,27.926994,12.0
1556938861000,105.976628588,127.2046436,36.7662674,28.129717,8.0
1556938862000,105.990123196,127.2043336,36.7663478,28.003397,8.0
1556938863000,105.977537409,127.2040194,36.7664222,27.746773,8.0
1556938864000,106.012541523,127.2036992,36.7664851,27.909746,8.0
1556938865000,106.068279883,127.2033771,36.7665409,28.060202,12.0
1556938866000,106.046172859,127.2030579,36.7665943,28.07412,12.0
1556938867000,106.152204167,127.2027427,36.766642,28.032068,12.0
1556938868000,106.401777775,127.2024136,36.7666829,27.850111,12.0
1556938869000,106.869394562,127.2020742,36.7667119,28.066334,12.0
1556938870000,107.457298415,127.2017524,36.7667374,27.781488,16.0
1556938871000,108.133950438,127.2014297,36.7667594,27.7325,12.0
1556938872000,108.923685703,127.2010988,36.7667753,27.970482,12.0
1556938873000,109.892218818,127.2007658,36.7667851,27.68445,24.0
1556938874000,110.864774436,127.2004436,36.7667953,27.576641,12.0
1556938875000,111.812349069,127.2001313,36.7668054,27.36776,12.0
1556938876000,112.921783002,127.1998164,36.7668188,27.487932,12.0
1556938877000,114.123483024,127.1995084,36.7668307,27.607178,12.0
1556938878000,115.305865043,127.1992014,36.7668419,27.623493,16.0
1556938879000,116.398905181,127.1988985,36.7668523,27.695736,16.0
1556938880000,117.539827975,127.1985911,36.7668656,27.546474,12.0
1556938881000,118.33366467,127.1982842,36.7668783,27.494875,12.0
1556938882000,118.879595413,127.197984,36.7668865,27.840132,12.0
1556938883000,119.308505186,127.1976788,36.7668983,27.805376,16.0
1556938884000,119.296806147,127.1973709,36.7669094,27.278534,16.0
1556938885000,119.084343709,127.1970675,36.7669158,27.621103,16.0
1556938886000,118.759720685,127.1967595,36.766921,28.03575,24.0
1556938887000,118.335004585,127.1964456,36.766925,28.086853,16.0
1556938888000,117.847058692,127.1961263,36.7669327,28.691784,12.0
1556938889000,117.166831765,127.1958096,36.7669416,28.777554,16.0
1556938890000,116.413137245,127.1954854,36.7669519,28.791306,16.0
1556938891000,115.652687318,127.1951602,36.7669631,28.682348,16.0
1556938892000,114.969052168,127.1948344,36.7669731,28.63603,16.0
1556938893000,114.392030012,127.1945127,36.766982,28.328321,12.0
1556938894000,113.915959294,127.1941853,36.7669929,29.208342,12.0
1556938895000,113.604118826,127.1938574,36.7670022,29.416513,12.0
1556938896000,113.299428226,127.1935269,36.7670136,29.571547,12.0
1556938897000,112.93889864,127.193193,36.767027,29.098312,16.0
1556938898000,112.563065722,127.1928639,36.7670351,29.232561,8.0
1556938899000,112.224790305,127.1925326,36.7670454,29.442593,8.0
1556938900000,111.86342024,127.1922082,36.7670541,28.907412,8.0
1556938901000,111.560544781,127.1918853,36.7670653,28.835018,8.0
1556938902000,111.421924652,127.1915691,36.7670783,28.916945,8.0
1556938903000,111.311865966,127.1912489,36.7670929,28.955807,8.0
1556938904000,111.206904382,127.1909287,36.7671032,29.210447,8.0
1556938905000,111.113001369,127.1906116,36.76711,28.90889,8.0
1556938906000,111.071086234,127.1902924,36.7671179,28.723072,8.0
1556938907000,111.121025635,127.1899745,36.7671268,28.907202,8.0
1556938908000,111.205135155,127.1896617,36.7671366,28.741375,8.0
1556938909000,111.258963914,127.1893471,36.7671469,28.601248,8.0
1556938910000,111.307275729,127.1890401,36.7671605,28.003126,8.0
1556938911000,111.336660541,127.188734,36.7671725,28.234175,6.0
1556938912000,111.398401262,127.1884233,36.7671846,29.021704,6.0
1556938913000,111.577266386,127.1881045,36.7672007,28.681358,8.0
1556938914000,111.907779941,127.1877921,36.7672192,28.631678,8.0
1556938915000,112.185462046,127.1874809,36.7672484,28.45444,8.0
1556938916000,112.518408641,127.1871723,36.7672802,27.939178,8.0
1556938917000,113.028484808,127.1868686,36.7673121,27.90714,8.0
1556938918000,113.678463393,127.1865671,36.7673467,27.55214,8.0
1556938919000,114.574126077,127.1862681,36.7673892,27.269747,8.0
1556938920000,115.583128703,127.1859688,36.7674411,27.539522,8.0
1556938921000,116.58409195,127.1856698,36.7675028,27.367655,8.0
1556938922000,117.581159467,127.1853808,36.7675674,27.37069,8.0
1556938923000,118.460033371,127.1850889,36.7676401,27.345066,8.0
1556938924000,119.269620175,127.1848045,36.767719,27.548044,8.0
1556938925000,120.014155953,127.1845136,36.7678049,27.799282,8.0
1556938926000,120.572720419,127.1842214,36.7678967,27.963877,8.0
1556938927000,120.903092518,127.1839328,36.7679937,28.09566,8.0
1556938928000,121.147148891,127.1836471,36.7680893,27.969345,8.0
1556938929000,121.347432083,127.1833703,36.7682008,28.105206,12.0
1556938930000,121.511025731,127.1830944,36.7683267,28.311,12.0
1556938931000,121.712159318,127.1828203,36.7684571,28.285952,12.0
1556938932000,122.024239354,127.1825515,36.7685893,28.434649,12.0
1556938933000,122.291139502,127.1822907,36.7687341,28.40987,16.0
1556938934000,122.550542181,127.1820271,36.7688909,28.643612,12.0
1556938935000,122.705121351,127.1817686,36.7690571,29.011198,16.0
1556938936000,122.907759,127.1815071,36.7692364,29.180655,16.0
1556938937000,123.201804993,127.1812576,36.7694254,28.954214,16.0
1556938938000,123.647337869,127.181019,36.7696202,28.529568,16.0
1556938939000,123.956045356,127.1807834,36.7698229,29.342783,12.0
1556938940000,124.166324102,127.180559,36.77003,29.81194,12.0
1556938941000,124.188154833,127.1803402,36.770236,29.576632,8.0
1556938942000,124.249056677,127.1801408,36.7704332,29.642817,8.0
1556938943000,124.317787868,127.1799323,36.7706453,28.713167,8.0
1556938944000,124.433878907,127.1797373,36.7708583,28.067772,8.0
1556938945000,124.559146973,127.1795464,36.7710763,28.75936,8.0
1556938946000,124.676616787,127.1793706,36.7713009,28.930895,8.0
1556938947000,124.757022638,127.1791965,36.7715306,29.102156,12.0
1556938948000,124.768978374,127.1790298,36.7717622,29.613287,12.0
1556938949000,124.707393796,127.1788727,36.7719978,29.440565,16.0
1556938950000,124.555289496,127.1787218,36.7722291,29.157211,16.0
1556938951000,124.379709866,127.1785789,36.7724557,28.914183,12.0
1556938952000,124.123626561,127.1784451,36.7726954,28.879526,12.0
1556938953000,123.756115379,127.1783187,36.7729337,28.899687,12.0
1556938954000,123.171718057,127.1781936,36.7731829,28.601936,12.0
1556938955000,122.576723869,127.1780728,36.7734275,29.051666,8.0
1556938956000,122.018458646,127.1779622,36.7736692,28.878414,8.0
1556938957000,121.072592352,127.1778519,36.7739242,28.665348,16.0
1556938958000,120.194567585,127.1777526,36.7741539,28.535307,16.0
1556938959000,119.097051446,127.1776552,36.7743951,28.363094,16.0
1556938960000,117.808908599,127.1775642,36.7746322,28.11096,16.0
1556938961000,116.114496582,127.1774771,36.7748677,28.323261,12.0
1556938962000,114.397324565,127.1773881,36.7751117,28.810898,12.0
1556938963000,112.736528733,127.1773006,36.7753547,28.827799,12.0
1556938964000,108.464702783,127.1772093,36.7755815,28.566442,12.0
1556938965000,104.855876149,127.1771197,36.775823,28.70381,12.0
1556938966000,101.906412493,127.1770278,36.7760722,28.888546,12.0
1556938967000,99.5705360789,127.1769284,36.7763298,29.480043,12.0
1556938968000,97.7445873758,127.176828,36.7765902,29.25079,12.0
1556938969000,96.440892163,127.1767277,36.7768453,29.494637,8.0
1556938970000,95.5292828851,127.1766266,36.7771024,29.179226,8.0
1556938971000,94.9063693761,127.1765263,36.777359,29.51162,8.0
1556938972000,94.4602873138,127.1764253,36.777607,28.701227,8.0
1556938973000,94.1949679384,127.1763217,36.7778508,28.51833,6.0
1556938974000,94.0767551385,127.1762193,36.7780937,28.809008,6.0
1556938975000,94.1278868229,127.1761179,36.7783367,28.500088,6.0
1556938976000,94.3160383284,127.1760169,36.7785814,28.582472,6.0
1556938977000,94.5187741937,127.175916,36.7788237,28.317392,6.0
1556938978000,94.748058127,127.1758166,36.7790663,28.265709,6.0
1556938979000,94.9812478177,127.1757172,36.7793096,28.600796,6.0
1556938980000,95.288307364,127.1756143,36.7795616,29.293142,6.0
1556938981000,95.6314361776,127.175515,36.7798082,28.4519,6.0
1556938982000,96.0294221041,127.1754185,36.7800517,28.140104,6.0
1556938983000,96.5010381497,127.1753215,36.7803006,28.500889,6.0
1556938984000,96.9702253824,127.1752361,36.7805436,28.432638,6.0
1556938985000,97.4331294338,127.1751583,36.7807925,28.719866,8.0
1556938986000,97.9368194851,127.1750815,36.7810432,28.615623,6.0
1556938987000,98.4577409225,127.175006,36.7812916,27.930628,6.0
1556938988000,99.0436008728,127.1749386,36.7815392,28.246758,8.0
1556938989000,99.5865606789,127.1748654,36.7817875,28.339115,6.0
1556938990000,100.144030081,127.1748035,36.7820415,28.373287,6.0
1556938991000,100.587700618,127.1747409,36.7822948,28.291237,6.0
1556938992000,101.065546854,127.1746818,36.7825559,29.02227,6.0
1556938993000,101.517496278,127.1746161,36.7828072,28.591967,8.0
1556938994000,101.954247023,127.1745474,36.7830527,28.616974,8.0
1556938995000,102.292703801,127.174469,36.7833141,29.8509,8.0
1556938996000,102.588198691,127.1743931,36.7835688,29.01471,8.0
1556938997000,102.823618492,127.1743132,36.7838137,28.082714,6.0
1556938998000,103.004591039,127.1742264,36.7840596,28.142683,6.0
1556938999000,103.103386573,127.1741334,36.7843052,28.533651,6.0
1556939000000,103.145067288,127.174037,36.784555,28.91509,6.0
1556939001000,103.121805581,127.173937,36.7848059,28.752443,6.0
1556939002000,103.037879112,127.1738338,36.7850591,29.125204,6.0
1556939003000,102.9252871,127.1737257,36.7853129,29.263226,6.0
1556939004000,102.802183539,127.173615,36.7855652,29.135038,6.0
1556939005000,102.648755319,127.173501,36.7858146,28.922237,6.0
1556939006000,102.515973386,127.1733862,36.7860574,28.841558,6.0
1556939007000,102.424052787,127.1732646,36.7862962,28.666357,6.0
1556939008000,102.353308725,127.1731403,36.7865356,29.259811,6.0
1556939009000,102.287810881,127.1730134,36.7867773,29.124224,6.0
1556939010000,102.195042526,127.1728809,36.7870177,28.768173,8.0
1556939011000,102.050694518,127.1727522,36.7872549,28.56625,8.0
1556939012000,101.813572035,127.1726225,36.7874938,28.98126,6.0
1556939013000,101.595725253,127.1724873,36.787736,28.821253,8.0
1556939014000,101.386056088,127.172354,36.7879761,28.668991,8.0
1556939015000,101.200379742,127.172223,36.7882128,28.242075,8.0
1556939016000,101.006050388,127.1720899,36.7884462,28.12451,8.0
1556939017000,100.850157558,127.1719543,36.7886823,28.627151,6.0
1556939018000,100.7964597,127.1718212,36.7889183,28.98614,6.0
1556939019000,100.759471931,127.1716852,36.7891521,28.397356,6.0
1556939020000,100.700028711,127.171553,36.7893817,28.477654,6.0
1556939021000,100.672482841,127.1714188,36.7896166,28.49807,6.0
1556939022000,100.670685195,127.1712857,36.7898518,28.510946,6.0
1556939023000,100.657935089,127.1711531,36.7900839,28.34574,6.0
1556939024000,100.648106407,127.1710211,36.7903156,28.338228,6.0
1556939025000,100.630776521,127.1708903,36.7905457,28.194439,6.0
1556939026000,100.632453742,127.1707606,36.7907784,28.469494,6.0
1556939027000,100.651974867,127.1706289,36.7910145,28.258497,6.0
1556939028000,100.670409881,127.170499,36.7912487,28.48085,6.0
1556939029000,100.691391844,127.1703704,36.7914834,28.549875,6.0
1556939030000,100.769785476,127.1702449,36.7917156,28.00239,6.0
1556939031000,100.811677013,127.1701211,36.7919414,27.5713,6.0
1556939032000,100.96056462,127.1699978,36.7921648,27.715046,6.0
1556939033000,101.232404077,127.1698699,36.7923902,27.492382,6.0
1556939034000,101.47278225,127.169743,36.7926092,27.51131,6.0
1556939035000,101.71885209,127.1696177,36.7928291,27.487465,6.0
1556939036000,101.942899268,127.1694929,36.7930538,27.862658,6.0
1556939037000,102.111834404,127.1693676,36.7932829,27.706894,12.0
1556939038000,102.269254899,127.1692419,36.7935076,27.500448,8.0
1556939039000,102.419375806,127.1691127,36.7937322,27.468977,8.0
1556939040000,102.54501345,127.1689806,36.793963,27.985748,8.0
1556939041000,102.660463828,127.1688498,36.794193,28.02979,8.0
1556939042000,102.763214469,127.1687226,36.7944209,27.885983,8.0
1556939043000,102.849207345,127.1685964,36.7946486,27.755116,8.0
1556939044000,102.902201926,127.1684642,36.7948826,27.790398,8.0
1556939045000,102.957076632,127.1683348,36.7951141,27.743317,12.0
1556939046000,103.001365588,127.168212,36.7953495,27.882437,8.0
1556939047000,103.047422723,127.1680984,36.7955906,28.441465,8.0
1556939048000,103.092933087,127.1679875,36.7958487,28.880768,8.0
1556939049000,103.150046585,127.1678897,36.796106,28.842999,8.0
1556939050000,103.227337068,127.1677967,36.7963667,29.022097,6.0
1556939051000,103.248764508,127.1677076,36.7966327,29.226017,6.0
1556939052000,103.214408677,127.1676224,36.796887,28.814709,6.0
1556939053000,103.103091676,127.167537,36.7971356,28.773188,6.0
1556939054000,102.947283098,127.1674516,36.7973829,29.195087,6.0
1556939055000,102.676409309,127.1673672,36.797633,29.076864,6.0
1556939056000,102.353862722,127.1672825,36.7978863,29.489555,6.0
1556939057000,101.959648256,127.1671975,36.7981419,29.218254,6.0
1556939058000,101.532423342,127.1671124,36.7983986,29.864897,6.0
1556939059000,101.052968822,127.1670265,36.7986586,30.073582,6.0
1556939060000,100.532150316,127.166941,36.798919,29.322092,6.0
1556939061000,100.020464049,127.1668559,36.7991739,28.936214,6.0
1556939062000,99.4926774426,127.1667726,36.7994237,28.740208,6.0
1556939063000,98.9633257891,127.16669,36.7996716,29.056032,6.0
1556939064000,98.4326710842,127.1666066,36.7999203,28.489025,6.0
1556939065000,97.9756299462,127.1665233,36.8001695,28.438318,6.0
1556939066000,97.5276954254,127.1664391,36.8004179,28.12829,6.0
1556939067000,97.076255073,127.1663559,36.8006625,27.987818,6.0
1556939068000,96.6703636076,127.1662735,36.8009055,28.045519,6.0
1556939069000,96.2741472874,127.166191,36.8011472,28.011326,6.0
1556939070000,95.9355464879,127.1661084,36.8013902,27.708918,6.0
1556939071000,95.668865993,127.1660272,36.8016326,28.017313,6.0
1556939072000,95.42882729,127.1659457,36.8018774,28.26463,6.0
1556939073000,95.185375441,127.1658623,36.8021222,28.50496,6.0
1556939074000,94.8910757788,127.1657787,36.8023676,28.044064,6.0
1556939075000,94.5856021467,127.1656944,36.8026136,28.636143,6.0
1556939076000,94.2424531669,127.1656084,36.8028673,29.287895,6.0
1556939077000,93.898978361,127.1655257,36.8031204,28.247377,6.0
1556939078000,93.5474208664,127.1654492,36.803368,27.908379,6.0
1556939079000,93.1636230003,127.1653769,36.8036153,27.92802,6.0
1556939080000,92.7726980273,127.1653071,36.803864,28.389252,6.0
1556939081000,92.3746841462,127.1652488,36.8041175,28.940851,6.0
1556939082000,91.997231999,127.1652004,36.8043727,28.708763,6.0
1556939083000,91.6351087791,127.1651581,36.8046316,28.92304,6.0
1556939084000,91.3369260765,127.1651246,36.8048923,28.75627,6.0
1556939085000,91.0882513024,127.1651049,36.8051542,29.04774,6.0
1556939086000,90.8648779076,127.165098,36.8054135,28.813797,6.0
1556939087000,90.6949725333,127.1651074,36.8056673,28.005022,6.0
1556939088000,90.5192131061,127.1651185,36.8059161,27.680813,6.0
1556939089000,90.3271979784,127.1651318,36.8061628,27.842512,6.0
1556939090000,90.1552215664,127.1651535,36.8064141,28.46166,6.0
1556939091000,89.9929937861,127.1651805,36.8066685,28.997751,6.0
1556939092000,89.808991902,127.1652023,36.8069213,28.239763,6.0
1556939093000,89.6223435028,127.1652256,36.8071782,28.788078,6.0
1556939094000,89.4742168813,127.1652516,36.8074364,29.492117,6.0
1556939095000,89.313067974,127.1652777,36.8077004,29.592907,6.0
1556939096000,89.1261619056,127.1653035,36.807961,29.30638,6.0
1556939097000,88.9309947495,127.165326,36.8082257,29.348944,6.0
1556939098000,88.6939300722,127.1653464,36.8084897,28.572922,6.0
1556939099000,88.458458472,127.1653685,36.8087498,28.709854,6.0
1556939100000,88.2597655748,127.1653933,36.8090101,28.673946,6.0
1556939101000,88.0834453831,127.1654178,36.8092696,28.622051,6.0
1556939102000,87.9388508395,127.1654409,36.8095283,28.244774,6.0
1556939103000,87.8286343272,127.1654686,36.8097861,28.589685,6.0
1556939104000,87.7468890882,127.1654903,36.81004,27.339674,6.0
1556939105000,87.6984119537,127.1655111,36.8102862,27.525246,6.0
1556939106000,87.7305304919,127.1655322,36.8105388,28.141966,6.0
1556939107000,87.8252627115,127.1655546,36.8107931,27.86112,6.0
1556939108000,87.9520620899,127.1655789,36.8110438,28.057285,6.0
1556939109000,88.0870943407,127.1655986,36.8112972,28.173246,6.0
1556939110000,88.1979214299,127.1656188,36.8115505,28.466848,6.0
1556939111000,88.3417361435,127.1656421,36.8118051,28.676193,6.0
1556939112000,88.4937078052,127.1656632,36.8120595,28.041178,6.0
1556939113000,88.6088302383,127.165684,36.8123109,27.95934,6.0
1556939114000,88.6951668366,127.1657035,36.8125598,27.782959,6.0
1556939115000,88.7530739231,127.165724,36.8128093,28.310242,6.0
1556939116000,88.8010436794,127.165745,36.8130635,28.51152,6.0
1556939117000,88.8726284351,127.1657665,36.813319,28.116858,6.0
1556939118000,88.9740256751,127.1657872,36.8135703,27.398607,6.0
1556939119000,89.1258872226,127.1658073,36.8138166,27.476534,6.0
1556939120000,89.244360031,127.1658265,36.8140646,27.67286,6.0
1556939121000,89.3396330719,127.1658459,36.814312,27.507256,6.0
1556939122000,89.4530073121,127.1658677,36.8145614,27.886017,4.0
1556939123000,89.541529882,127.1658891,36.8148117,27.226322,4.0
1556939124000,89.6203308949,127.1659056,36.8150561,26.559355,4.0
1556939125000,89.6954363758,127.1659217,36.8152933,25.360748,6.0
1556939126000,89.7870290979,127.1659371,36.8155238,25.408579,6.0
1556939127000,89.8846454208,127.1659535,36.8157498,25.1318,6.0
1556939128000,89.9826623524,127.1659672,36.8159674,24.202593,6.0
1556939129000,90.097338097,127.1659819,36.8161839,23.945625,4.0
1556939130000,90.3006349375,127.1659988,36.8163951,23.190153,8.0
1556939131000,90.5159224775,127.1660179,36.8166026,22.784428,6.0
1556939132000,90.7326739989,127.1660352,36.8167991,21.902119,6.0
1556939133000,90.9777517344,127.1660498,36.8169895,21.648855,6.0
1556939134000,91.3566953963,127.1660643,36.8171826,21.46067,6.0
1556939135000,91.7266586017,127.1660747,36.817373,21.174171,6.0
1556939136000,92.0473798673,127.1660876,36.8175638,21.496454,6.0
1556939137000,92.372243511,127.166109,36.817755,21.00621,6.0
1556939138000,92.7446432593,127.1661341,36.817944,20.94495,6.0
1556939139000,93.0731954119,127.1661626,36.8181316,20.90287,6.0
1556939140000,93.3883006783,127.1661913,36.8183189,21.169428,6.0
1556939141000,93.8496952436,127.1662195,36.8185099,21.664661,6.0
1556939142000,94.4268014612,127.1662418,36.818704,21.994097,6.0
1556939143000,94.9020834891,127.1662655,36.8188988,21.965694,6.0
1556939144000,95.2782092865,127.1662887,36.8190931,21.893436,6.0
1556939145000,95.7317413353,127.1663128,36.8192943,22.27851,6.0
1556939146000,96.2182426457,127.1663439,36.8194992,22.110552,6.0
1556939147000,96.6866267824,127.1663741,36.8196997,22.409452,6.0
1556939148000,97.1567122445,127.1664028,36.8199043,22.469799,6.0
1556939149000,97.6319566098,127.1664283,36.8201093,22.284676,6.0
1556939150000,98.2205635128,127.1664531,36.820313,22.121983,6.0
1556939151000,98.7381939783,127.1664761,36.8205105,22.413454,6.0
1556939152000,99.1585056142,127.1665003,36.8207087,21.82652,6.0
1556939153000,99.4433574199,127.1665267,36.8209012,21.456722,6.0
1556939154000,99.6311461763,127.166555,36.8210935,21.25621,6.0
1556939155000,99.8150229309,127.1665878,36.8212898,21.839941,8.0
1556939156000,100.029543435,127.1666303,36.8214902,22.277498,8.0
1556939157000,100.271176258,127.1666792,36.821688,22.231394,8.0
1556939158000,100.481093972,127.1667342,36.8218829,22.499002,6.0
1556939159000,100.707098024,127.1667901,36.8220752,21.832254,6.0
1556939160000,100.891317495,127.1668438,36.8222659,21.675821,6.0
1556939161000,101.045005439,127.166897,36.8224565,21.462154,6.0
1556939162000,101.233077011,127.1669543,36.8226457,21.523022,8.0
1556939163000,101.450913638,127.1670168,36.8228337,21.542324,6.0
1556939164000,101.617202706,127.1670803,36.8230191,21.747412,6.0
1556939165000,101.725182476,127.1671443,36.8232043,21.478395,6.0
1556939166000,101.721420078,127.16721,36.8233846,21.06598,6.0
1556939167000,101.680949357,127.1672866,36.8235615,21.51823,6.0
1556939168000,101.616247176,127.1673648,36.8237417,21.99247,6.0
1556939169000,101.81500925,127.1674455,36.8239211,21.090385,6.0
1556939170000,101.914870476,127.1675276,36.8240938,20.820423,6.0
1556939171000,102.009004847,127.167614,36.8242631,20.492153,6.0
1556939172000,102.057905738,127.1677072,36.8244338,20.389734,8.0
1556939173000,102.052327961,127.1678012,36.8245984,20.290327,8.0
1556939174000,102.0820683,127.1679044,36.8247702,20.821444,8.0
1556939175000,102.133417801,127.1680129,36.8249444,20.91375,8.0
1556939176000,102.18781505,127.1681274,36.825113,20.50765,8.0
1556939177000,102.274154489,127.1682435,36.8252771,20.740852,8.0
1556939178000,102.360702206,127.1683647,36.82544,20.523844,8.0
1556939179000,102.463574777,127.1684912,36.8255996,20.432568,8.0
1556939180000,102.541037391,127.1686151,36.8257546,20.351145,8.0
1556939181000,102.587886821,127.1687401,36.8259115,20.61875,8.0
1556939182000,103.156297137,127.1688633,36.8260685,20.592447,12.0
1556939183000,103.707159031,127.1689857,36.8262236,20.299513,12.0
1556939184000,104.252469485,127.1690995,36.8263805,20.16111,12.0
1556939185000,104.69142563,127.1692099,36.8265392,19.988384,12.0
1556939186000,105.04022336,127.1693234,36.826695,19.130068,8.0
1556939187000,105.344691414,127.1694351,36.826851,19.098576,8.0
1556939188000,105.587167565,127.1695454,36.8269981,18.589174,8.0
1556939189000,105.770189419,127.1696699,36.8271369,18.049059,8.0
1556939190000,105.88927412,127.1698174,36.8272675,17.865965,8.0
1556939191000,105.950764782,127.1699918,36.8273891,17.95596,8.0
1556939192000,105.983517291,127.170169,36.8274874,17.863894,8.0
1556939193000,106.046635521,127.1703372,36.8275645,16.80124,8.0
1556939194000,106.11332117,127.1705118,36.8276206,16.790857,12.0
1556939195000,106.186242353,127.1706662,36.8276542,15.63905,32.0
1556939196000,106.262129142,127.1707959,36.8276676,14.448109,32.0
1556939197000,106.325626098,127.1708633,36.8276848,12.272922,32.0
1556939198000,106.25938844,127.1709278,36.8276748,11.05726,24.0
1556939199000,106.085328818,127.171036,36.8276343,10.739429,24.0
1556939200000,105.861176791,127.1711024,36.8275218,10.7768345,32.0
1556939201000,105.628927843,127.1711486,36.8273822,11.029771,32.0
1556939202000,105.537482159,127.1712052,36.8271713,12.567329,24.0
1556939203000,105.449714401,127.1711296,36.8269865,12.844049,32.0
1556939204000,105.395337038,127.1710912,36.8268203,12.814789,32.0
1556939205000,105.41434373,127.1710389,36.8266779,12.586157,32.0
1556939206000,105.565533648,127.1710163,36.8265356,12.463923,24.0
1556939207000,105.854567262,127.1708371,36.8263645,13.997014,16.0
1556939208000,106.185705544,127.1706896,36.8262522,14.688371,16.0
1556939209000,106.494580245,127.1705448,36.8261823,15.270399,16.0
1556939210000,106.884100579,127.1703671,36.8261172,15.762045,16.0
1556939211000,107.174984976,127.170192,36.8260614,15.912264,12.0
1556939212000,107.308585234,127.1700064,36.8260155,15.588524,12.0
1556939213000,107.238478535,127.1698147,36.8259873,15.455591,16.0
1556939214000,107.030276236,127.1696151,36.8259646,15.110672,16.0
1556939215000,106.819656229,127.1694172,36.8259583,15.333985,24.0
1556939216000,106.567765605,127.1692038,36.8259738,15.649407,16.0
1556939217000,106.252674869,127.1689872,36.8260182,15.381645,16.0
1556939218000,105.843067278,127.1687903,36.8260575,15.690778,16.0
1556939219000,105.368130665,127.1686242,36.8260988,15.288694,16.0
1556939220000,104.931138444,127.1684581,36.8261453,15.482131,12.0
1556939221000,104.562177325,127.1682954,36.8261942,15.253606,16.0
1556939222000,104.207241694,127.1681393,36.8262426,15.588286,12.0
1556939223000,103.856034662,127.1679874,36.8262918,15.468281,12.0
1556939224000,103.527280116,127.167834,36.8263404,15.3605585,12.0
1556939225000,103.253478447,127.1676831,36.826394,15.314634,12.0
1556939226000,102.988410634,127.1675126,36.8264525,15.439161,8.0
1556939227000,102.720930333,127.1673562,36.8265094,15.310131,8.0
1556939228000,102.451369125,127.1672102,36.8265624,15.01322,16.0
1556939229000,102.215656419,127.167071,36.8266162,14.731099,12.0
1556939230000,102.00470596,127.1669293,36.8266692,14.2962055,12.0
1556939231000,101.873533107,127.1667973,36.8267143,13.720717,8.0
1556939232000,101.765482507,127.1666748,36.8267544,13.012156,8.0
1556939233000,101.756776387,127.1665489,36.8267899,12.125731,8.0
1556939234000,101.807462959,127.1664289,36.8268162,11.491286,8.0
1556939235000,101.766192488,127.1663142,36.8268375,10.842164,8.0
1556939236000,101.629089788,127.1662074,36.8268595,10.187614,8.0
1556939237000,101.492999528,127.1660984,36.8268907,10.066819,8.0
1556939238000,101.388642065,127.1660022,36.8269195,9.493507,16.0
1556939239000,101.298005614,127.1659096,36.8269457,9.654843,16.0
1556939240000,101.34659803,127.1658195,36.8269701,9.132041,12.0
1556939241000,101.346034164,127.1657285,36.8269926,9.134995,12.0
1556939242000,101.300183976,127.1656451,36.8270109,8.630557,12.0
1556939243000,101.195306415,127.1655617,36.8270271,8.3585415,12.0
1556939244000,101.061797194,127.1654696,36.8270499,8.142546,12.0
1556939245000,100.969837659,127.1653781,36.8270742,8.218153,8.0
1556939246000,100.93624624,127.1652888,36.8270956,8.226465,8.0
1556939247000,100.90004358,127.1652008,36.8271179,8.272166,8.0
1556939248000,100.891405489,127.165116,36.8271441,8.3081875,8.0
1556939249000,100.839622287,127.1650349,36.8271735,8.445523,8.0
1556939250000,100.854279732,127.1649486,36.8272065,8.4764185,8.0
1556939251000,100.848418986,127.1648583,36.8272372,8.46335,8.0
1556939252000,100.826844505,127.1647595,36.8272611,8.722311,8.0
1556939253000,100.798771727,127.1646617,36.8272878,8.381787,8.0
1556939254000,100.772665132,127.1645738,36.8273122,8.5580015,8.0
1556939255000,100.72464538,127.1644795,36.82734,8.814201,12.0
1556939256000,100.670798608,127.1643764,36.8273667,9.313163,8.0
1556939257000,100.626945003,127.1642718,36.8273914,9.833299,12.0
1556939258000,100.636565424,127.164172,36.8274222,9.865431,12.0
1556939259000,100.684502614,127.1640581,36.8274459,10.668959,12.0
1556939260000,100.724468914,127.1639332,36.8274694,10.931975,12.0
1556939261000,100.525622078,127.1638098,36.8274864,11.007754,16.0
1556939263000,100.408521558,127.1635348,36.8275124,12.022849,12.0
1556939264000,100.49668098,127.1633873,36.8274873,12.60015,12.0
1556939265000,100.448281393,127.1632681,36.8274311,12.457696,24.0
1556939266000,100.319957843,127.1631485,36.8273713,12.209236,16.0
1556939267000,100.170228648,127.1630879,36.8273312,0.0,13.282
1556939268000,100.315882869,127.1629375,36.8272179,12.3937845,16.0
1556939269000,100.595519243,127.1628689,36.8271316,12.167309,16.0
1556939270000,101.061702875,127.1628273,36.8270213,11.166623,16.0
1556939271000,101.679435026,127.1628342,36.8268934,11.499566,16.0
1556939272000,102.404858314,127.1628423,36.8267801,10.187899,16.0
1556939273000,102.979911361,127.1628447,36.8266882,9.556703,16.0
1556939274000,103.018616042,127.1628707,36.8266245,6.8331494,16.0
1556939275000,103.018160313,127.1628932,36.8265559,5.5405083,16.0
1556939276000,102.874189612,127.1629202,36.8264777,4.2805586,16.0
1556939277000,102.857633176,127.1629457,36.8264272,4.4240084,12.0
1556939282000,102.569152678,127.1630148,36.826372,0.0,7.015
1556939291000,101.628294604,127.1630981,36.8263388,0.0,6.112
1556939296000,98.0269360549,127.163223,36.8262722,4.272014,8.0
1556939298000,95.4602925533,127.1632736,36.8261956,4.2129126,8.0
1556939300000,92.1476995184,127.1633208,36.8261261,4.6309576,6.0
1556939302000,89.8869527651,127.163367,36.8260454,5.6392875,4.0
1556939303000,89.66847107,127.1633914,36.8259983,6.3138003,4.0
1556939304000,89.4605702348,127.1634192,36.8259461,6.833228,4.0
1556939305000,89.2624874071,127.1634478,36.82589,6.703577,4.0
1556939306000,89.000484585,127.1634732,36.8258326,7.014947,4.0
1556939307000,88.726754232,127.1635001,36.8257738,7.151558,4.0
1556939308000,88.4503047666,127.1635281,36.8257126,7.8114195,4.0
1556939309000,88.2609429818,127.1635586,36.8256467,7.8853025,4.0
1556939310000,88.1254317568,127.1635883,36.8255816,7.7973204,4.0
1556939311000,88.0384501612,127.1636167,36.8255148,8.163317,4.0
1556939312000,87.9664175948,127.1636424,36.8254452,7.9782524,4.0
1556939313000,87.9884925204,127.163667,36.8253757,8.535487,4.0
1556939314000,88.0048614947,127.163691,36.8252991,8.26893,4.0
1556939315000,88.0062059922,127.1637141,36.8252229,8.555906,4.0
1556939316000,88.0000904491,127.1637348,36.825146,8.5727625,4.0
1556939317000,87.9910494809,127.1637472,36.8250682,8.587699,4.0
1556939318000,87.9839860826,127.1637578,36.8249888,8.41462,4.0
1556939319000,87.9576435639,127.1637625,36.8249164,8.132403,6.0
1556939320000,87.9369386215,127.1637645,36.8248445,7.960557,4.0
1556939321000,87.8993784617,127.1637596,36.8247775,7.5194583,4.0
1556939322000,87.8652280737,127.1637505,36.8247198,7.045738,4.0
1556939323000,87.8836553199,127.163741,36.8246697,6.4553413,4.0
1556939324000,87.875618515,127.1637307,36.8246247,6.158732,6.0
1556939325000,87.7958299095,127.1637189,36.8245786,5.798887,6.0
1556939326000,87.6604855008,127.1637061,36.8245347,5.6346145,6.0
1556939327000,87.538061847,127.1636932,36.8244897,5.4740644,6.0
1556939328000,87.4755736029,127.1636798,36.8244426,5.4887843,4.0
1556939329000,87.4936245186,127.1636648,36.8243946,5.519493,4.0
1556939330000,87.542430221,127.1636463,36.8243459,5.4005313,4.0
1556939332000,87.5553409862,127.1636221,36.8242851,3.9479616,3.828
1556939335000,87.5760088959,127.1635993,36.8242276,2.3775325,3.419
1556939338000,87.6370246591,127.1635797,36.8241676,2.7647161,3.481
1556939340000,87.6806944408,127.1635595,36.8241109,2.8629034,3.521
1556939342000,87.7075340544,127.1635401,36.8240606,3.4054027,4.481
1556939344000,87.6863462759,127.1634928,36.8239425,4.3937335,6.0
1556939345000,87.6290922594,127.1634733,36.8238921,4.986249,4.0
1556939346000,87.5751861997,127.1634525,36.8238356,5.5726113,4.0
1556939347000,87.5494467087,127.1634299,36.8237753,5.934058,4.0
1556939348000,87.4775271551,127.1634048,36.8237121,6.2739553,4.0
1556939349000,87.4093886216,127.1633768,36.8236467,6.531987,4.0
1556939350000,87.3345207455,127.1633484,36.8235779,6.7777104,4.0
1556939351000,87.2246014895,127.1633184,36.8235096,6.8872004,4.0
1556939352000,87.0945096506,127.1632886,36.8234415,6.8634953,4.0
1556939353000,86.9204215744,127.1632585,36.8233733,6.802744,4.0
1556939354000,86.7617502789,127.1632291,36.8233071,6.5853367,4.0
1556939355000,86.6416733051,127.1632034,36.8232494,6.1960354,4.0
1556939356000,86.5608484039,127.163183,36.8232021,5.7106075,4.0
1556939358000,86.5011385601,127.1631503,36.8231237,4.7690063,4.0
1556939360000,86.5050633101,127.1631266,36.8230686,3.9495935,3.819
1556939366000,86.4971448024,127.163108,36.8230259,0.0,3.0
1556939416999,86.2843406631,127.1630868,36.8229623,2.5342062,4.493
1556939418999,86.082383518,127.1630433,36.8228662,4.0982466,6.0
1556939419999,85.9120301871,127.1630174,36.8228202,4.6843867,6.0
1556939420999,85.7567060821,127.1629927,36.8227716,5.267881,6.0
1556939421999,85.6308270315,127.1629696,36.8227191,5.7089458,6.0
1556939422999,85.5324671207,127.1629478,36.8226616,6.3961635,6.0
1556939423999,85.4502681373,127.1629183,36.8225949,6.9031854,6.0
1556939424999,85.3825096526,127.1628849,36.8225118,7.6456265,6.0
1556939425999,85.3231129551,127.1628522,36.8224301,8.26453,6.0
1556939426999,85.269992537,127.1628172,36.8223437,8.907396,6.0
1556939427999,85.2379538897,127.1627754,36.822245,9.25374,6.0
1556939428999,85.2069206342,127.1627274,36.8221347,9.770377,6.0
1556939429999,85.2383622575,127.1626752,36.822017,10.045276,6.0
1556939430999,85.3480990957,127.1626188,36.8218949,10.269306,6.0
1556939431999,85.4566840417,127.1625587,36.8217781,10.188998,6.0
1556939432999,85.5593981277,127.1625064,36.8216749,10.005639,6.0
1556939433999,85.7155514265,127.1624548,36.821575,9.897913,6.0
1556939434999,85.8767048695,127.1624019,36.8214932,9.802024,6.0
1556939435999,86.031745809,127.1623351,36.8214133,9.926827,6.0
1556939436999,86.1896485691,127.1622508,36.8213349,10.420442,6.0
1556939437999,86.3308720887,127.1621516,36.8212582,10.74978,6.0
1556939438999,86.4656731235,127.1620441,36.8211844,11.189124,8.0
1556939439999,86.6198061832,127.1619314,36.8211207,11.666449,16.0
1556939440999,86.8210818336,127.161818,36.8210568,12.008487,16.0
1556939441999,87.0327864603,127.1617,36.8209953,12.37939,32.0
1556939442999,87.2302249005,127.1615797,36.8209332,12.796708,32.0
1556939443999,87.3756497132,127.1614448,36.8208643,13.153524,24.0
1556939444999,87.5016038092,127.1613139,36.8207966,13.396538,16.0
1556939445999,87.6115945952,127.1611763,36.820724,13.400872,16.0
1556939446999,87.7003825525,127.1610454,36.8206536,13.297614,16.0
1556939447999,87.7713340735,127.1609115,36.8205794,13.138488,16.0
1556939448999,87.8339449971,127.1607896,36.8205112,12.97786,12.0
1556939449999,87.9003362749,127.160677,36.8204484,12.647052,12.0
1556939450999,87.9631722796,127.1605653,36.8203854,12.332908,12.0
1556939451999,88.0225844131,127.1604463,36.8203178,11.962838,16.0
1556939452999,88.0953254496,127.1603485,36.8202609,11.556987,16.0
1556939453999,88.2158965188,127.1602656,36.8202116,10.982156,12.0
1556939454999,88.4046003331,127.1601914,36.8201648,10.393074,16.0
1556939455999,88.6176127214,127.1601211,36.8201199,10.025687,16.0
1556939456999,88.8590301025,127.1600419,36.8200696,9.408318,16.0
1556939457999,89.1470327579,127.1599788,36.8200297,8.679698,16.0
1556939458999,89.4926135522,127.1599143,36.8199879,7.9593472,24.0
1556939459999,89.865407757,127.1598626,36.8199529,7.020529,16.0
1556939461999,90.3470281157,127.1598162,36.8199175,5.042155,16.0
1556939468999,90.8343804329,127.1598615,36.8199463,0.0,10.828
1556939481999,91.7184255773,127.1599251,36.8199803,0.0,8.691
1556939489999,92.2983458789,127.159974,36.8200057,0.0,6.42
1556939500999,98.9973635949,127.1598757,36.8199218,4.2425604,8.0
1556939501999,101.03776965,127.1598331,36.8198872,4.339318,8.0
1556939502999,102.746628136,127.1597831,36.8198505,4.9794197,12.0
1556939503999,104.163045096,127.1597117,36.8198065,6.600629,12.0
1556939504999,105.316062969,127.1596299,36.8197427,8.18075,8.0
1556939505999,106.258334116,127.1595355,36.8196787,8.656742,8.0
1556939506999,107.100459284,127.1594471,36.8196238,8.817292,8.0
1556939507999,107.864894995,127.1593588,36.8195676,8.986865,8.0
1556939508999,108.455809824,127.1592688,36.819505,9.873634,8.0
1556939509999,108.854127918,127.1591715,36.8194434,10.4962015,8.0
1556939510999,109.21511054,127.1590646,36.8193826,10.828126,8.0
1556939511999,109.461125407,127.1589653,36.8193159,10.851954,8.0
1556939512999,109.544431772,127.1588666,36.819253,10.864937,8.0
1556939513999,109.510810741,127.1587715,36.819188,10.589894,8.0
1556939514999,109.383520595,127.158683,36.8191329,9.785278,8.0
1556939515999,109.179070543,127.1586099,36.81909,8.809913,8.0
1556939516999,108.995176943,127.1585375,36.8190542,8.008106,8.0
1556939517999,108.971104667,127.1584626,36.8190185,7.6789227,8.0
1556939518999,109.228259748,127.1583913,36.8189916,7.5011897,16.0
1556939519999,109.640897894,127.158303,36.8189666,7.539644,16.0
1556939520999,110.00466222,127.1582052,36.8189618,7.68062,16.0
1556939521999,109.890346485,127.158105,36.8189542,8.050459,8.0
1556939522999,109.422437845,127.1580044,36.8189512,8.469642,16.0
1556939523999,108.86690298,127.1579026,36.8189508,8.979408,12.0
1556939524999,108.241667964,127.1577886,36.8189515,9.543794,12.0
1556939525999,107.597568548,127.157676,36.8189507,9.465484,8.0
1556939526999,106.977608255,127.1575633,36.8189567,9.2905245,8.0
1556939527999,106.424607593,127.1574536,36.8189512,9.130878,8.0
1556939528999,105.939312346,127.1573477,36.8189427,8.527183,8.0
1556939529999,105.414977609,127.1572709,36.818947,7.3099766,8.0
1556939530999,104.563007461,127.1572142,36.8189432,6.506821,8.0
1556939532999,103.6676848,127.1571226,36.8189383,4.909013,8.0
1556939534999,102.506955059,127.1570145,36.8189265,5.5643067,6.0
1556939535999,102.05617776,127.1569372,36.8189235,6.271631,8.0
1556939536999,101.731952591,127.156832,36.8189218,7.5852838,8.0
1556939537999,101.566173551,127.1567217,36.8189204,8.345498,8.0
1556939538999,101.416901214,127.1566033,36.8189206,8.925467,8.0
1556939539999,101.236856869,127.1564836,36.8189223,8.9521675,8.0
1556939540999,101.032194237,127.1563749,36.8189235,8.302237,8.0
1556939541999,100.783332849,127.156285,36.8189237,7.6481476,8.0
1556939542999,100.505463664,127.1561937,36.8189238,6.962198,8.0
1556939543999,100.196535427,127.1561009,36.8189224,6.282324,6.0
1556939544999,99.9618996887,127.1560216,36.8189225,5.927538,6.0
1556939545999,99.8037956874,127.1559316,36.8189205,5.943671,8.0
1556939546999,99.7214038048,127.1558485,36.8189192,5.7498345,8.0
1556939547999,99.6675517607,127.155769,36.818918,5.6204395,8.0
1556939548999,99.9100067291,127.1556838,36.8189196,5.571303,8.0
1556939549999,100.317267171,127.155604,36.8189235,5.0420446,6.0
1556939551999,100.44845017,127.1555394,36.8189316,2.9103084,5.024
1556939555999,100.866478402,127.1554811,36.8189434,0.6211416,4.037
1556939586999,101.858446306,127.1555291,36.8189185,0.0,4.856
1556939590999,101.905567745,127.1555069,36.8188625,3.1460834,4.774
1556939592999,102.017091415,127.1553929,36.8188329,3.8450005,5.078
1556939593999,102.161988515,127.1552588,36.8188207,4.0427766,6.0
1556939594999,102.348338024,127.1551933,36.8188306,4.2743616,6.0
1556939595999,102.585956788,127.1551287,36.8188397,4.6511393,6.0
1556939596999,102.897606382,127.1550601,36.8188425,4.848803,6.0
1556939597999,103.291652512,127.1549938,36.818844,4.5649724,8.0
1556939598999,103.689062359,127.1549242,36.8188486,4.5704618,8.0
1556939599999,103.727516113,127.1548534,36.8188529,4.3389015,8.0
1556939600999,104.139861752,127.1547945,36.8188551,4.310794,12.0
1556939601999,104.480220286,127.154729,36.8188554,4.2843475,12.0
1556939602999,104.507457771,127.1546653,36.8188562,4.1306586,12.0
1556939604999,104.561207503,127.1545887,36.818858,3.3377328,7.531
1556939606999,104.619028488,127.154526,36.8188614,1.8775779,6.131
1556939616999,104.74471931,127.1544685,36.8188715,0.0,4.421
1556939619999,104.838708407,127.154388,36.8188884,1.0029402,4.801
1556939621999,104.932449709,127.1543251,36.8189016,1.3843431,5.077
1556939624999,104.978754301,127.1542701,36.8189237,0.7168506,5.091
1556939627999,104.960028706,127.1542219,36.8189587,1.0994726,5.086
1556939629999,104.943694426,127.1541882,36.8189949,1.543648,5.098
1556939632999,104.91829041,127.154164,36.8190567,1.9329337,3.839
1556939635999,104.895795402,127.1541455,36.8191114,2.042053,3.18
1556939637999,104.733815566,127.154131,36.8191622,2.4030461,4.23
1556939639999,104.609667282,127.1541104,36.8192603,2.8679705,4.673
1556939640999,104.554889458,127.1541047,36.8193088,3.1848118,5.455
1556939641999,104.475232585,127.1540995,36.819368,3.4462414,5.906
1556939642999,104.391714196,127.1540939,36.8194401,3.651361,6.118
1556939643999,104.314469704,127.1540846,36.8195087,3.782822,6.288
1556939644999,104.241801348,127.154074,36.8195716,3.8744447,6.384
1556939645999,104.131717419,127.154072,36.8196374,3.9760935,6.417
1556939646999,103.981995387,127.1540793,36.819771,4.0721517,8.0
1556939648999,103.681616209,127.1541259,36.8198447,4.152111,6.0
1556939650999,103.130760275,127.1542258,36.8199022,4.243287,6.0
1556939652999,102.601599823,127.1543093,36.8199549,4.329466,6.0
1556939653999,102.580251741,127.1543535,36.8199833,4.3352036,6.0
1556939655999,102.537589693,127.1544263,36.820021,4.194372,6.0
1556939658999,102.470158319,127.1545097,36.8200447,3.810903,5.208
1556939660999,102.425622214,127.154566,36.8200475,3.546921,5.826
1556939662999,102.380078014,127.1546092,36.8200115,3.4841404,5.971
1556939666999,102.276138058,127.1546474,36.8199317,3.0273058,6.83
1556939668999,102.212438034,127.1546764,36.8198917,2.903483,6.2
1556939671999,102.097458818,127.1547408,36.8198739,2.744923,5.9
1556939679999,101.770740042,127.1547973,36.8198628,0.47499213,4.955
1556939689999,101.39198368,127.154874,36.8198641,0.966799,8.508
1556939698999,99.9934979112,127.1549742,36.8198646,0.73383427,13.638
1556939717665,99.4123598942,127.1549476,36.8198194,0.0,76.459
1556939732086,67.6999969482,127.1551102,36.8199351,0.0,39.56
1556939738362,68.5,127.1550417,36.8199812,0.0,24.156
1556939743375,68.5,127.1549767,36.819954,0.0,23.056
1556939753435,67.6999969482,127.1550436,36.8199329,0.0,31.257
1556939758101,69.9000015259,127.1552509,36.8198596,0.0,28.644
1556939764921,70.0999984741,127.1554053,36.81974,0.0,15.867
1556939788068,70.0999984741,127.1554241,36.8196913,0.0,15.487
1556939808329,70.0999984741,127.1553313,36.8196524,0.0,15.414
1556939823676,70.0999984741,127.1552756,36.8196231,0.0,12.523
1556939834050,70.0999984741,127.155286,36.8195036,0.0,17.445
1556939844377,70.0999984741,127.1553233,36.8193348,0.0,16.026
1556939857999,70.0999984741,127.1553354,36.8192806,1.1869726,14.525
1556939859999,70.0999984741,127.1553591,36.8192312,1.2672042,10.847
1556939861025,72.9000015259,127.1553894,36.8191419,0.83792186,9.832
1556939861999,72.9000015259,127.1554076,36.8190901,0.7017719,9.721
1556939863999,72.9000015259,127.1554251,36.8190309,0.7506898,9.69
1556939866067,0.0,127.1554288,36.8189802,0.8776294,9.537
1556939876999,0.0,127.1553857,36.81893,1.0099347,9.352
1556939877999,96.5612393589,127.1553012,36.8189545,1.0259123,5.075
1556939881999,95.7469043304,127.1552473,36.8189839,1.0542525,4.152
1556939884999,95.104270259,127.1552014,36.8190234,1.0042728,4.097
1556939887999,94.462211841,127.1551341,36.8190196,1.0196403,4.476
1556939889999,94.0404979839,127.1550661,36.8190029,1.0452962,4.53
1556939892999,93.4502773783,127.1550002,36.8189851,1.123043,4.247
1556939897999,92.4967915749,127.1549289,36.8189833,1.0635601,3.989
1556939902999,91.5468510872,127.1548699,36.8189889,0.9381456,3.0
1556939908999,90.388377823,127.1548086,36.8189926,0.8894498,3.0
1556939912999,89.6597654599,127.1547546,36.8189797,0.8880402,3.0
1556939919999,88.4553451413,127.1546836,36.8189687,0.93271315,3.0
1556939929999,86.9173105212,127.1546267,36.8189752,0.2148308,3.0
1556939942999,86.0944679105,127.1546235,36.8189298,0.11124524,3.0
1556939956999,84.2834217175,127.1545589,36.8188837,2.2800038,4.288
1556939958999,84.0269483048,127.1544675,36.8188554,2.5232556,4.515
1556939960999,83.783272551,127.1544081,36.8188434,2.5216608,5.433
1556939962999,83.5534886896,127.1543432,36.8188445,2.4835262,5.724
1556939964999,83.3344767812,127.154246,36.8188479,2.6058242,4.73
1556939966999,83.1257892046,127.154144,36.8188523,2.73793,4.75
1556939968999,82.9259930788,127.1540763,36.8188626,2.7157178,5.617
1556939970999,81.9130562277,127.1539661,36.8188749,2.871966,5.811
1556939971999,81.2067618302,127.1539018,36.8188813,3.0387661,5.949
1556939972999,80.6733739764,127.1538312,36.8188873,3.234673,6.058
1556939973999,80.2352836261,127.153754,36.8188893,3.5126188,6.192
1556939974999,79.8941979853,127.1536784,36.8188899,3.798167,6.316
1556939975999,79.635062683,127.1535043,36.8188726,4.048063,6.0
1556939976999,79.4375800954,127.1534154,36.8188486,4.282517,6.0
1556939977999,79.3012694695,127.1533337,36.8188286,4.5332747,6.0
1556939978999,79.1921223356,127.1532401,36.8188194,4.7975483,6.0
1556939979999,79.1254322478,127.1531444,36.8188024,5.1163964,6.0
1556939980999,79.0798280464,127.1530155,36.8187823,7.3121734,12.0
1556939981999,79.0530665521,127.1528926,36.8187665,8.187131,12.0
1556939982999,79.0088818301,127.1527666,36.8187616,8.558669,12.0
1556939983999,78.9491505055,127.1526541,36.8187657,8.733656,12.0
1556939984999,78.8799933277,127.1525474,36.8187698,8.35666,8.0
1556939985999,78.7934966589,127.1524513,36.8187771,7.703506,8.0
1556939986999,78.6917315732,127.1523672,36.8187861,7.197844,8.0
1556939987999,78.5792420403,127.1522777,36.8188132,6.73181,8.0
1556939988999,78.4569519189,127.1522115,36.8188208,6.271535,6.0
1556939989999,78.3276458576,127.15216,36.8188397,5.6112475,6.0
1556939991999,78.1680770341,127.1521012,36.8189137,5.9225855,8.0
1556939992999,78.1261417,127.1520767,36.8189793,6.467937,8.0
1556939993999,78.0906123897,127.1520508,36.8190546,7.085063,8.0
1556939994999,78.0411479209,127.1520199,36.8191354,7.987531,6.0
1556939995999,77.9634471914,127.1519634,36.819229,8.561969,6.0
1556939996999,77.8492638733,127.1519031,36.8193198,8.527892,6.0
1556939997999,77.7348402219,127.1518427,36.8194057,8.444675,6.0
1556939998999,77.5836053623,127.1517893,36.8194915,8.776984,6.0
1556939999999,77.4323257428,127.1517499,36.8195788,8.439085,6.0
1556940000999,77.3079049676,127.151737,36.819655,8.746744,6.0
1556940001999,77.1722491347,127.1517444,36.8197294,8.589104,8.0
1556940002999,77.0663498779,127.1517606,36.8197975,9.558378,8.0
1556940003999,77.0136380717,127.1517885,36.819878,10.1355505,8.0
1556940004999,77.0263026233,127.1518147,36.8199636,10.557713,8.0
1556940005999,77.0708042103,127.1518361,36.8200697,10.800012,8.0
1556940006999,77.1079246669,127.1518818,36.8201737,10.911925,8.0
1556940007999,77.1196691919,127.1519161,36.8202754,10.94987,8.0
1556940008999,77.1069042896,127.1519512,36.8203767,10.97017,8.0
1556940009999,77.0710853002,127.1519878,36.8204808,11.294982,8.0
1556940010999,77.0239204574,127.1520236,36.8205932,11.980083,8.0
1556940011999,76.9776236902,127.1520589,36.82071,12.2044935,8.0
1556940012999,76.9388334938,127.1520875,36.8208299,12.549882,6.0
1556940013999,76.9209479778,127.1521154,36.8209521,12.743335,6.0
1556940014999,76.9237232574,127.1521426,36.8210722,12.832526,6.0
1556940015999,76.9584201025,127.1521764,36.8211921,12.763117,6.0
1556940016999,77.0247879151,127.1522155,36.821305,12.6322565,6.0
1556940017999,77.1244815301,127.1522488,36.8214129,12.607966,6.0
1556940018999,77.2332381491,127.1522638,36.8215221,12.513148,6.0
1556940019999,77.3652083173,127.1522886,36.8216259,12.083265,6.0
1556940020999,77.5192370597,127.1523281,36.8217212,11.847465,6.0
1556940021999,77.6800050518,127.152361,36.8218166,11.479695,6.0
1556940022999,77.9699341986,127.1523919,36.821905,10.562722,6.0
1556940023999,78.2285865377,127.15242,36.8219832,10.240552,4.0
1556940024999,78.4219145397,127.1524525,36.8220714,10.075471,4.0
1556940025999,78.5744892323,127.1524762,36.8221582,9.938129,4.0
1556940026999,78.6886983134,127.1525085,36.8222431,9.639052,4.0
1556940027999,78.7869807102,127.1525385,36.8223219,9.398411,4.0
1556940028999,78.8828933222,127.1525678,36.822395,8.995865,4.0
1556940029999,78.9557596466,127.1525957,36.822464,8.152022,4.0
1556940030999,78.9863213448,127.1526248,36.8225193,7.146834,6.0
1556940031999,79.0305374894,127.152652,36.8225625,6.1866574,6.0
1556940048999,79.0150655042,127.152698,36.8226098,2.1648366,4.159
1556940049999,78.7987471125,127.1527385,36.8226893,4.602057,6.0
1556940050999,78.61162097,127.1527503,36.8227585,5.6263137,4.0
1556940051999,78.3929671303,127.1527658,36.8228339,6.410442,4.0
1556940052999,78.1656693053,127.1527836,36.8229033,6.385881,6.0
1556940053999,77.9474798649,127.1527977,36.8229619,6.543472,6.0
1556940054999,77.7516117128,127.1528121,36.8230252,7.126505,6.0
1556940055999,77.6647832464,127.1528281,36.8230977,7.66749,6.0
1556940056999,77.6438222763,127.1528418,36.8231765,7.368121,4.0
1556940057999,77.6456367938,127.152855,36.8232468,7.428329,4.0
1556940058999,77.7046784093,127.1528731,36.8233319,7.721338,8.0
1556940059999,77.7944821,127.1528946,36.8234239,8.150115,8.0
1556940060999,77.8911880265,127.152914,36.8235179,8.442754,12.0
1556940061999,77.9474012074,127.152931,36.823614,8.966951,16.0
1556940062999,77.9857071381,127.1529513,36.823714,9.142618,16.0
1556940063999,78.0052222093,127.1529655,36.8238156,9.157224,12.0
1556940064999,78.0243407143,127.1529771,36.8239147,9.002263,12.0
1556940065999,78.0430222954,127.1529942,36.8240059,8.670066,6.0
1556940066999,78.0713988941,127.1530119,36.8240868,7.975595,6.0
1556940067999,78.0954804415,127.1530225,36.8241468,7.037612,6.0
1556940068999,78.1126108222,127.1530313,36.824196,6.244785,6.0
1556940069999,78.0905042685,127.1530312,36.8242445,5.670759,6.0
1556940071999,78.0944969903,127.1530385,36.8243053,3.278294,5.283
1556940096999,78.0768223963,127.1530365,36.8243532,0.0,3.779
1556940124999,77.8508812068,127.1530387,36.8243037,0.0,6.262
1556940206999,76.4294624261,127.1530594,36.8243515,2.2850688,5.308
1556940208999,70.3670862588,127.1530943,36.8244012,3.945264,5.149
1556940210999,69.9435776806,127.1531304,36.8244635,3.6750042,5.032
1556940212999,69.5355498765,127.153155,36.8245108,2.280824,5.318
1556940217999,68.5847701941,127.1531861,36.8245596,1.5616927,4.955
1556940219999,65.3779731998,127.1532406,36.8246931,4.527853,8.0
1556940220999,64.2241559201,127.1532475,36.8247458,5.5586157,8.0
1556940221999,63.3068047594,127.1532584,36.8248084,6.3156977,8.0
1556940222999,62.5899981732,127.1532721,36.824884,7.4975543,6.0
1556940223999,62.0408260417,127.1532769,36.8249632,8.557072,6.0
1556940224999,61.6238463953,127.1532771,36.8250589,8.884014,8.0
1556940225999,61.307779567,127.1532745,36.8251529,8.917915,8.0
1556940226999,61.0679755529,127.1532807,36.8252475,8.512412,8.0
1556940227999,60.8665290731,127.1533063,36.8253343,8.317799,8.0
1556940228999,60.6879449891,127.153298,36.8254293,8.383969,8.0
1556940229999,60.5616659607,127.1532833,36.8255307,8.820135,8.0
1556940230999,60.4439381685,127.1532667,36.8256379,9.591187,8.0
1556940231999,60.3107433846,127.1532463,36.8257446,10.1591215,8.0
1556940232999,60.1574054981,127.1532297,36.8258506,10.144219,6.0
1556940233999,60.032034471,127.1532192,36.8259359,9.513352,6.0
1556940234999,59.9906441315,127.1532103,36.8260065,8.28256,6.0
1556940235999,59.9906119825,127.1531983,36.826059,6.1540313,6.0
1556940242999,60.1797060417,127.1531959,36.8261466,4.0051823,6.0
1556940244999,60.4762469113,127.1531724,36.8262373,5.5712404,8.0
1556940245999,60.6100845289,127.1531599,36.8262903,6.103481,8.0
1556940246999,60.7176335296,127.1531461,36.8263593,6.6461115,6.0
1556940247999,60.8306877202,127.1531299,36.826431,7.9884796,6.0
1556940248999,60.9513134506,127.1531086,36.826521,9.607942,6.0
1556940249999,61.064854662,127.1530911,36.8266191,10.407021,6.0
1556940250999,61.2208077666,127.1530727,36.8267181,10.972367,8.0
1556940251999,61.3948863528,127.1530541,36.82682,11.364546,8.0
1556940252999,61.6005908851,127.1530337,36.8269222,11.758778,8.0
1556940253999,61.8399816887,127.1530098,36.82703,12.660724,8.0
1556940254999,62.139685695,127.152982,36.8271454,13.288496,8.0
1556940255999,62.4552058992,127.1529545,36.8272646,13.905472,8.0
1556940256999,62.7849953706,127.1529249,36.8273858,14.269271,8.0
1556940257999,63.1103232974,127.152894,36.8275112,14.932859,8.0
1556940258999,63.4241789625,127.1528608,36.8276462,15.561218,8.0
1556940259999,63.7103849394,127.1528288,36.8277881,16.012695,8.0
1556940260999,64.0094109787,127.1527972,36.8279314,16.021225,8.0
1556940261999,64.3065976572,127.152763,36.8280741,15.879449,8.0
1556940262999,64.609056013,127.1527278,36.8282137,15.613741,6.0
1556940263999,64.8871593086,127.1526954,36.8283459,15.419194,6.0
1556940264999,65.1650278665,127.1526572,36.8284813,15.786281,6.0
1556940265999,65.429703517,127.1526187,36.8286207,15.947458,6.0
1556940266999,65.6799780938,127.1525782,36.8287616,16.084723,6.0
1556940267999,65.7211401039,127.1525382,36.8289059,16.425459,6.0
1556940268999,65.8004437976,127.1525008,36.8290532,16.454557,6.0
1556940269999,65.9907019139,127.152468,36.8291983,16.10462,6.0
1556940270999,66.2692284446,127.1524297,36.8293341,15.639246,8.0
1556940271999,66.5888126662,127.152395,36.829466,15.343652,12.0
1556940272999,67.0167821738,127.1523634,36.829596,14.910203,12.0
1556940273999,67.3959465243,127.152334,36.8297234,14.632214,8.0
1556940274999,67.7137834953,127.1523061,36.8298473,14.297767,8.0
1556940275999,68.2528009672,127.1522786,36.8299688,13.89172,8.0
1556940276999,68.7255871341,127.1522591,36.8300847,13.295382,8.0
1556940277999,69.1052480634,127.1522426,36.8301954,12.617242,8.0
1556940278999,69.3862539696,127.1522199,36.8303027,12.06012,8.0
1556940279999,69.6009034139,127.1521969,36.8304061,11.43112,8.0
1556940280999,69.7111588583,127.152183,36.8305007,10.632781,8.0
1556940281999,69.3944374881,127.1521715,36.8305939,10.283983,6.0
1556940282999,69.1475874392,127.1521647,36.8306755,9.352765,8.0
1556940283999,68.9524338389,127.1521593,36.8307417,7.939228,8.0
1556940284999,68.7995914916,127.1521434,36.8307934,6.890235,8.0
1556940285999,68.675953943,127.152132,36.830842,6.124574,8.0
1556940287999,68.6627101019,127.1521204,36.8309202,4.6675224,8.0
1556940289999,68.7485319793,127.1521102,36.8309934,3.7296934,6.964
1556940291999,68.8872645397,127.1521064,36.8310498,3.0421093,6.276
1556940293999,69.1013541984,127.1521005,36.8311005,2.9410343,6.078
1556940295999,70.9333540823,127.1520917,36.8311697,3.9177382,6.325
1556940296999,72.622208476,127.1520775,36.8312629,4.4270287,8.0
1556940298999,75.1612172792,127.1520551,36.8313453,5.8565145,8.0
1556940299999,76.1289949614,127.152041,36.8313994,6.8892984,8.0
1556940300999,76.9979745297,127.1520324,36.8314651,7.888537,8.0
1556940301999,77.6421909072,127.1520228,36.8315441,8.608967,8.0
1556940302999,78.1240610911,127.1520116,36.8316284,9.2406845,6.0
1556940303999,78.5584998295,127.1519955,36.8317171,9.316547,6.0
1556940304999,78.8953747105,127.1519819,36.8318023,9.371445,6.0
1556940305999,79.1278206607,127.1519484,36.8318838,9.241477,6.0
1556940306999,79.107303873,127.1518889,36.8319598,8.392444,8.0
1556940307999,78.9464149368,127.1518047,36.8320202,9.327922,8.0
1556940308999,78.6996750409,127.1516947,36.8320768,10.043472,6.0
1556940309999,78.5093023671,127.1515775,36.8321234,10.1708765,6.0
1556940310999,78.3129621079,127.1514596,36.8321544,10.146212,6.0
1556940311999,78.1701052633,127.1513401,36.8321726,10.256688,6.0
1556940312999,77.9834880634,127.1512243,36.8321964,9.934216,8.0
1556940313999,78.0139214247,127.1511157,36.8322194,9.313266,8.0
1556940314999,77.9569979117,127.1510225,36.8322396,8.307511,6.0
1556940315999,77.8901186931,127.1509474,36.8322555,6.850847,6.0
1556940317999,77.8792421081,127.1508796,36.8322715,3.3823726,5.323
1556940330999,77.3065055724,127.1508233,36.8323041,3.4018018,4.743
1556940331999,77.1359121075,127.1507386,36.8323405,4.211731,6.0
1556940332999,77.0723924157,127.1506853,36.8323624,4.7207937,6.0
1556940333999,77.0800051754,127.1506245,36.8323784,5.4139066,6.0
1556940334999,77.2110413159,127.1505543,36.8323927,6.0624127,6.0
1556940335999,77.443179505,127.1504765,36.8324082,6.5094953,6.0
1556940336999,77.7533826988,127.1503944,36.8324282,6.924842,6.0
1556940337999,78.1052081026,127.1503046,36.8324455,7.544094,6.0
1556940338999,78.5318134636,127.1502056,36.8324661,8.485073,6.0
1556940339999,78.9994137596,127.1500964,36.8324858,9.307394,6.0
1556940340999,79.5670893809,127.1499766,36.8325042,10.181341,6.0
1556940341999,80.1713537652,127.1498488,36.832524,10.754858,4.0
1556940342999,80.7591146467,127.1497225,36.8325458,10.791239,4.0
1556940343999,81.3406861705,127.1496035,36.8325694,10.481346,4.0
1556940344999,81.8728833635,127.1494931,36.8325942,10.244865,4.0
1556940345999,82.3953760717,127.1493822,36.8326162,10.323597,3.9
1556940346999,82.8548662429,127.1492685,36.8326377,10.499092,3.9
1556940347999,83.2538501131,127.1491483,36.8326601,11.028946,3.9
1556940348999,83.6378508112,127.1490168,36.8326861,11.629909,3.9
1556940349999,84.0242866054,127.1488829,36.8327167,11.769009,4.0
1556940350999,84.4241458314,127.1487473,36.8327298,11.860186,4.0
1556940351999,84.7800671717,127.1486202,36.8327461,11.354432,4.0
1556940352999,85.0698789384,127.1485135,36.8327735,10.704747,4.0
1556940353999,85.3367302427,127.1484167,36.8327982,10.370808,6.0
1556940354999,85.5625489493,127.1483215,36.8328234,9.559224,6.0
1556940355999,85.7761748527,127.1482384,36.8328464,8.863395,6.0
1556940356999,85.9761004631,127.148157,36.8328628,8.259185,6.0
1556940357999,86.1557822986,127.1480827,36.8328768,7.828595,6.0
1556940358999,86.3442717248,127.1480192,36.8328907,6.747707,6.0
1556940360999,86.5101287274,127.1479255,36.8329111,4.6618958,6.0
1556940364999,86.5382045905,127.1478671,36.8329271,2.0593157,4.639
1556940387999,86.7684030133,127.147792,36.8329443,1.8941802,5.533
1556940389999,86.835927712,127.1477275,36.8329517,2.9138756,5.847
1556940391999,86.8938094161,127.1476718,36.8329588,2.2667677,5.819
1556940395999,87.0127799013,127.1476146,36.8329707,0.0,5.301
1556940398999,87.1208314957,127.1475585,36.8329835,1.0339935,4.216
1556940402999,87.2479805726,127.1474974,36.8330013,0.0,4.064
1556940423999,87.6595206345,127.1475383,36.8330339,0.9122559,3.0
1556940427999,87.764775057,127.1476013,36.8330269,0.6147312,3.0
1556940431999,87.8811327004,127.1476603,36.833024,0.85247403,3.037
1556940434999,87.9806631255,127.147724,36.8330205,0.5765976,3.0
1556940437999,88.113091763,127.1477801,36.8330396,0.51857144,3.0
1556940441999,88.3395745452,127.1477808,36.8330915,1.0756522,3.0
1556940444999,88.5076252324,127.1477653,36.8331438,1.1566442,3.0
1556940447999,88.6755202681,127.1477329,36.8331916,1.0638192,3.0
1556940451999,88.9053663911,127.1476837,36.8332173,0.5609749,3.0
1556940457999,89.3309122207,127.1476426,36.8332549,0.6937744,3.0
1556940463999,89.8607921783,127.1476082,36.8332933,0.3464689,3.0
1556940466999,90.1460940572,127.1475492,36.8333213,0.3801421,3.0
1556940469999,90.4469171846,127.147476,36.8333383,0.4107914,3.0
1556940474999,91.0106901574,127.1474171,36.833335,0.69619095,3.0
1556940479999,91.6251508274,127.1473548,36.8333274,0.5838717,3.0
1556940482999,92.06388559,127.1472936,36.833325,0.68215424,3.0
1556940486999,92.7604784117,127.147225,36.8333344,0.8101762,3.0
1556940491999,93.7144363507,127.1471665,36.8333574,0.45900646,3.0
1556940496999,94.6234431478,127.1471566,36.8334067,1.3126023,3.129
1556940500999,95.116441507,127.1471634,36.8334519,0.84906554,3.0
1556940506999,95.9286630563,127.1471691,36.8334984,0.6070413,3.0
1556940511999,96.3123628356,127.1471579,36.8335426,0.06274112,3.0
1556940515999,96.7764190327,127.1471462,36.8335964,1.3127211,3.084
1556940518999,97.1102641733,127.1471318,36.8336527,1.3769547,3.645
1556940520999,97.3434591714,127.1470888,36.8337152,1.3675786,4.421
1556940522999,97.5710483118,127.1470625,36.8337775,1.3348428,4.481
1556940525999,97.9021846041,127.1470772,36.8338283,1.347647,4.37
1556940529999,98.3314507451,127.1471204,36.8338729,1.4228901,4.229
1556940532999,98.647549763,127.1471689,36.833906,1.3782731,3.944
1556940534999,98.8540423229,127.1472001,36.8339479,1.2893726,4.205
1556940538999,99.2379464602,127.1471993,36.8339946,1.260229,4.273
1556940543999,99.6507327415,127.1472029,36.8340459,1.2826492,4.179
1556940547999,99.8969150466,127.147198,36.8340974,1.4328885,4.48
1556940552999,100.275418281,127.1471823,36.8341443,1.3445042,4.142
1556940556999,100.723361686,127.1471532,36.8342066,0.8966292,4.122
1556940558999,100.885283037,127.147131,36.83425,0.42804953,4.116
1556940562999,101.52267282,127.1471034,36.8342946,0.47434342,4.212
1556940572999,102.902859853,127.147122,36.8343427,0.3684482,4.105
1556940579999,103.699719124,127.1471348,36.8343925,1.2448821,4.265
1556940584999,104.182502616,127.1471266,36.8344419,0.74594164,4.427
1556940590999,104.599965836,127.1471141,36.8344921,1.9040301,4.335
1556940593999,104.765779885,127.1471022,36.8345394,1.6985266,4.223
1556940601999,104.881060695,127.1470444,36.8345545,1.0573584,3.0
1556940606999,104.790472067,127.1469895,36.8345417,1.0698847,3.0
1556940612999,104.608962509,127.1469382,36.8345756,0.8144307,3.035
1556940615999,104.51357471,127.1468911,36.8346008,1.3449494,3.66
1556940619999,104.435856391,127.1468445,36.8346292,0.89505804,4.239
1556940624999,104.368100194,127.1467898,36.8346448,0.47384626,3.103
1556940630999,104.346143911,127.1467536,36.8346821,0.99890983,3.0
1556940634999,104.367298309,127.1466945,36.834704,0.8843367,3.111
1556940637999,104.416390131,127.1466382,36.8347196,1.3289981,3.0
1556940641999,104.573016414,127.1465917,36.8347462,0.8119355,3.722
1556940647999,104.727574325,127.1465437,36.8347701,0.07029699,3.799
1556940667519,0.0,127.1454574,36.8322853,0.0,2299.999
1556940699013,0.0,127.1464926,36.8343765,0.0,104.1
1556940705059,0.0,127.1464251,36.8346725,0.0,17.815
1556940723941,111.5,127.1465799,36.8344829,0.0,24.363
1556940770993,105.0,127.1465806,36.8343917,0.0,16.446
1556940835336,114.300003052,127.1465845,36.8343955,0.0,13.969
1556943362524,114.300003052,127.1466398,36.8343759,0.0,14.022
1556947541784,105.0,127.1465924,36.8344175,0.0,16.581
1556955834121,111.5,127.1465601,36.8343756,0.0,13.787
1556955992164,105.0,127.1465836,36.8344245,0.0,16.435
1556956043496,114.300003052,127.1465637,36.834323,0.0,16.732
1556956095961,105.0,127.1465754,36.8343896,0.0,14.724
1556956447404,111.5,127.1466288,36.8343748,0.0,12.813
1556956513642,111.5,127.1465793,36.8344171,0.0,15.604
1556956721925,114.300003052,127.1466195,36.8343779,0.0,15.23
1556957418838,111.5,127.1465731,36.8344183,0.0,16.699
1556957857793,0.0,127.1465849,36.8346215,0.0,43.325
1556957911224,0.0,127.1465565,36.8347311,0.0,18.279
1556959144384,105.0,127.1466505,36.8344553,0.0,22.715
1556962272026,104.900001526,127.1466428,36.8343656,0.0,29.54
1556962322757,114.300003052,127.1465208,36.8344194,0.0,23.3
1556962376100,111.5,127.1466074,36.8343899,0.0,15.076
1556963955604,114.300003052,127.1465381,36.8344107,0.0,50.0
1556964015212,0.0,127.1454574,36.8322853,0.0,2299.999
1556964027999,106.599998474,127.1463173,36.834939,0.0,10.113
1556964033999,0.0,127.1463251,36.8348925,0.0,9.099
1556964034999,92.5202521631,127.1463218,36.8347995,0.0,6.634
1556964041999,106.599998474,127.1462695,36.8348297,0.0,8.731
1556964050999,94.1999969482,127.1462178,36.8347852,0.0,9.615
1556964051999,85.2510677031,127.1462324,36.8347312,0.0,6.21
1556964056999,84.7765252923,127.146172,36.834723,0.18492642,4.286
1556964064999,84.3831482457,127.1461047,36.8346878,0.40545,4.295
1556964066999,84.3692902134,127.1460507,36.8346595,0.03667817,4.123
1556964069999,84.0855155084,127.1459905,36.8346286,0.5610183,4.004
1556964079999,82.7796475915,127.1459369,36.8346028,0.34258848,4.432
1556964089999,80.696275699,127.1458792,36.8346047,0.2628435,5.229
1556964104999,78.3080669951,127.1458234,36.8346151,0.008689104,4.938
1556964145999,26.8723185066,127.1457312,36.8346361,0.083627194,8.978
1556964158999,37.1795677099,127.1456769,36.8346191,0.6508636,4.358
1556964163999,40.7603775586,127.1456528,36.8345733,0.79600257,4.058
1556964169999,44.6817308495,127.1456306,36.8345258,0.7886455,4.218
1556964174999,47.1518880508,127.1456146,36.8344821,0.4503461,3.962
1556964178999,48.9553400564,127.1455993,36.8344322,0.41089794,4.208
1556964185999,51.8777694245,127.1455773,36.8343884,0.686023,4.066
1556964189999,54.0517558365,127.1455441,36.834348,0.79588383,4.892
1556964193999,56.1294585683,127.145529,36.8342932,0.6814504,5.331
1556964198999,58.5484129164,127.1455252,36.8342307,0.9128436,5.494
1556964202999,60.3223975498,127.1454941,36.8341878,0.6004574,8.079
1556964205999,61.2052824091,127.1454261,36.8341451,0.5814747,9.138
1556964211999,63.2174684871,127.1453802,36.8341049,0.42920288,10.042
1556964215999,64.3525213501,127.1453145,36.8340895,0.05700715,8.249
1556964223999,66.9947330193,127.1452783,36.8340434,0.54279435,7.752
1556964226999,67.8793428478,127.1452266,36.8340139,0.5965478,8.705
1556964229999,68.6965830848,127.1451939,36.8339538,0.64451575,8.679
1556964232999,69.4576681963,127.1451928,36.833906,0.86671907,7.909
1556964235999,70.1779833721,127.1452016,36.8338439,0.85608333,7.858
1556964237999,70.6343753176,127.1452044,36.8337832,0.5919059,7.851
1556964242999,71.664089499,127.1452408,36.8337353,0.4478387,7.668
1556964246999,72.3730670123,127.1453114,36.8337107,0.66968465,7.794
1556964249999,72.8702436979,127.1453515,36.8336622,0.9507345,7.778
1556964253999,73.4821946748,127.145354,36.8335989,0.91111,6.552
1556964257999,74.0333008208,127.1453464,36.8335494,0.8198804,5.465
1556964259999,74.29998131,127.1453524,36.8335032,0.8266218,8.0
1556964265999,75.0708462449,127.1453382,36.83345,0.8786336,4.814
1556964270999,75.6855091128,127.1452994,36.833417,0.9594856,4.272
1556964273999,75.9797612008,127.145244,36.8334098,0.9763007,4.335
1556964277999,76.3349177375,127.1451808,36.833408,1.0013033,4.049
1556964282999,76.7462839331,127.1451256,36.8334242,1.0023247,4.061
1556964288999,77.1794527142,127.1450723,36.8334561,0.70314205,6.247
1556964291999,77.3866515365,127.1450406,36.8334948,1.0091561,7.364
1556964295999,77.6062300561,127.145013,36.8335374,1.3844177,8.169
1556964314999,77.429344815,127.1449517,36.8335311,0.22696695,9.866
1556964320999,77.3077822305,127.144903,36.8334991,0.024856547,8.417
1556964343999,77.2262905382,127.1448502,36.8334788,0.16725513,8.299
1556964347999,77.1355588858,127.1447898,36.8334811,0.17158383,8.09
1556964351999,77.0752420028,127.1448024,36.8335314,0.19617596,7.563
1556964353999,77.0444546268,127.1448516,36.8335709,0.16152284,7.478
1556964355999,77.0205608173,127.1449179,36.8336087,0.1786248,7.434
1556964362999,76.9424843166,127.1449245,36.8335473,0.043618914,9.346
1556964365999,76.9318550789,127.1448924,36.8335099,0.025256027,9.644
1556964369999,76.8468432828,127.1448357,36.8335227,0.39608446,8.899
1556964373999,76.7021678065,127.1447956,36.8335585,1.1107101,7.809
1556964381999,76.3756379789,127.1447316,36.8335632,0.90452844,6.665
1556964388999,76.0986231758,127.1446681,36.8335737,0.9039774,5.337
1556964393999,75.8527550741,127.1445988,36.8335733,0.7960776,7.294
1556964397999,75.6862825467,127.144534,36.8335746,0.9897934,7.546
1556964400999,75.5149523284,127.1444924,36.833526,1.1687765,7.621
1556964405999,75.1453682875,127.1444263,36.8335019,0.5862961,8.363
1556964408999,75.0437174267,127.1443732,36.8335273,0.31421864,7.728
1556964414999,74.5788400634,127.1443265,36.8335574,0.82025766,7.749
1556964420999,74.1108780438,127.1442603,36.8335613,0.49257666,7.674
1556964424999,73.8086917502,127.1441872,36.8335798,0.5669128,6.591
1556964427999,73.5927866106,127.1441172,36.8335626,0.93287724,5.871
1556964431999,73.3846664438,127.1440636,36.8335386,0.8011022,7.179
1556964434999,73.2529040945,127.1440176,36.8334949,0.8197405,7.462
1556964438999,73.1148263095,127.1439453,36.8335007,1.0298439,5.837
1556964443999,73.0867522016,127.1438932,36.8335194,0.7700881,5.458
1556964448999,73.1661089503,127.1438381,36.83353,0.7710498,5.215
1556964453999,73.3713213739,127.1437732,36.833568,0.43639597,5.254
1556964456999,73.5171953221,127.1436982,36.8335647,1.0244724,5.41
1556964458999,73.6042027181,127.1436548,36.8335322,0.8467432,5.45
1556964461999,73.7308214564,127.1436021,36.8335039,0.97366256,5.347
1556964464999,73.8420759137,127.1435549,36.8334696,0.82317775,5.915
1556964469999,74.0145085077,127.1434986,36.8334453,0.6567578,7.223
1556964474999,74.1952958774,127.1434436,36.8334359,0.64746016,7.672
1556964481999,74.3010578596,127.1434415,36.8334818,0.30964553,7.417
1556964484999,74.4022218277,127.1434704,36.8334387,0.3020135,7.403
1556964489999,74.4860876879,127.1434657,36.8333836,0.059116144,7.388
1556964491999,74.5782471367,127.1434405,36.8333427,0.23417592,7.389
1556964494999,74.5915180802,127.1434086,36.8332998,0.020300642,5.545
1556964507999,74.9476796747,127.1433509,36.8333031,0.25288698,4.947
1556964511408,74.9476796747,127.1433509,36.8333031,0.25288698,4.947
1556964551530,0.0,127.1436319,36.8334643,0.0,17.797
1556964561310,5.57688457816,127.1435714,36.8333385,0.21802503,15.636
1556964562300,9.85538397609,127.1435002,36.833105,0.56875527,13.133
1556964565259,76.740666726,127.1434023,36.8328961,0.0,17.205
1556964566259,71.0266721438,127.1433504,36.8327969,0.0,16.417
1556964568000,64.9055872687,127.1432429,36.8326363,0.0,9.691
1556964576000,73.9679537584,127.143287,36.8326746,0.0,5.111
1556964580000,69.7659011605,127.1433298,36.8327067,0.0,4.979
1556964585000,70.6169944979,127.1433635,36.8327478,0.0,3.943
1556964594000,71.6519520327,127.1433689,36.8327996,0.0,4.629
1556964597000,71.675331162,127.1433742,36.8328474,0.0,4.803
1556964600000,72.0757618496,127.1433665,36.8329003,0.0,4.883
1556964603000,72.8657218052,127.1433572,36.8329519,0.0,5.221
1556964606000,74.0030359066,127.1433673,36.8330025,0.0,5.029
1556964612000,76.5953191138,127.1433514,36.8330505,0.0,5.306
1556964616000,78.0350600361,127.1433277,36.8330923,0.0,5.028
1556964619000,79.0119776407,127.1432838,36.8331324,0.0,4.98
1556964624000,80.1175507953,127.1432343,36.8331696,0.0,4.943
1556964628000,80.725300048,127.1431679,36.8332076,0.5479059,5.412
1556964630000,81.0139697398,127.1431172,36.8332287,0.98801243,5.445
1556964633000,81.413950134,127.1430586,36.8332611,1.2686287,5.425
1556964638000,82.0163767784,127.1430035,36.8332897,0.8398199,5.22
1556964642000,82.5682529244,127.1429375,36.8332965,0.9952905,5.289
1556964648000,83.6162303826,127.142874,36.8332954,0.0,4.638
1556964658000,85.026938717,127.1428222,36.8332766,0.014713411,3.0
1556964663000,86.1175423708,127.1427975,36.8332346,0.6922455,3.0
1556964667000,86.9276317308,127.142782,36.8331817,0.5894205,3.0
1556964670000,87.5022311057,127.1427706,36.8331201,0.72838265,3.131
1556964674000,88.2436676514,127.142759,36.8330666,0.7830059,3.0
1556964679000,89.1162714822,127.1427702,36.8330146,0.8401566,3.002
1556964684000,89.9511875275,127.1427925,36.8329618,0.6465784,3.0
1556964687000,90.4694848477,127.1428226,36.8329122,0.8534333,3.0
1556964692000,91.3137201328,127.1428044,36.8328633,0.8276446,3.011
1556964696000,91.9456468333,127.1427923,36.8328124,0.9135963,3.051
1556964702000,92.8219125059,127.1427705,36.8327629,0.6370695,3.895
1556964707000,93.5009686966,127.1427402,36.8327159,0.63051504,3.265
1556964715000,94.5080848391,127.1426987,36.8326782,0.5731833,3.019
1556964743508,81.8000030518,127.1426429,36.8327614,0.0,50.411
1556964748546,0.0,127.1427216,36.8327961,0.0,26.775
1556964758660,0.0,127.1428632,36.8328603,0.0,16.122
1556964769804,0.0,127.1427573,36.8327931,0.0,19.219
1556964786459,82.9000015259,127.1425943,36.8327192,0.0,16.0
1556964831280,82.9000015259,127.1425908,36.8327472,0.0,14.346
1556965350071,82.9000015259,127.142594,36.8327132,0.0,14.495
1556965862409,82.9000015259,127.1425886,36.8327236,0.0,14.044
1556968139973,81.8000030518,127.1429493,36.832956,0.0,35.29
1556968180542,40.475539958,127.1426769,36.8327739,0.61014134,19.466
1556968181541,86.4000015259,127.1427143,36.83282,0.85245407,13.465
1556968182541,87.9000015259,127.1427272,36.8327331,0.44166723,11.798
1556968187541,87.9000015259,127.1427343,36.8326853,1.009108,11.103
1556968193541,0.0,127.1427353,36.8326314,1.0950313,13.173
1556968202867,0.0,127.1427013,36.8325849,0.76688623,11.794
1556968205555,0.0,127.1426617,36.8325434,0.0,14.203
1556968208555,0.0,127.1426866,36.8325017,0.0,12.187
1556968211999,97.6705037122,127.1427443,36.8324518,0.0,11.83
1556968212999,109.026592677,127.1427899,36.8323939,0.46997246,11.205
1556968213999,103.044596542,127.1428343,36.8323375,0.0,10.602
1556968216999,103.543881755,127.1428208,36.8322838,0.0,8.48
1556968218999,109.525651845,127.1427535,36.8322387,0.0,6.704
1556968220999,112.360195735,127.1427065,36.8322064,0.0,5.755
1556968225999,111.886490535,127.1426534,36.8321872,0.0,5.542
1556968227999,111.032743114,127.1425838,36.8321836,0.0,4.49
1556968235999,109.750524278,127.1425275,36.8321599,0.18638518,3.149
1556968257999,108.820370434,127.1425048,36.8321112,1.096813,5.329
1556968262999,108.558611139,127.1425046,36.8320537,0.8852978,5.286
1556968265999,108.40568542,127.1424783,36.8320054,1.0653497,5.364
1556968268999,108.261385498,127.1424243,36.831983,1.1569713,5.383
1556968270999,108.166970705,127.1423795,36.8319558,1.4439622,5.32
1556968272999,107.666060951,127.142309,36.831947,1.8918725,5.36
1556968274999,107.593346353,127.1422485,36.8319521,2.2065718,6.095
1556968277999,107.485170492,127.1421625,36.8319475,2.2848887,7.22
1556968278999,107.448355042,127.1421124,36.8319223,2.3390155,6.385
1556968280999,107.374791259,127.1420674,36.8318833,2.2755594,5.782
1556968283999,107.257556811,127.1420275,36.8318389,2.1216316,5.621
1556968286999,107.140727285,127.1419978,36.8317994,1.8860981,5.466
1556968289999,107.027602119,127.1419633,36.8317494,1.7241623,5.577
1556968293999,106.897379739,127.1419213,36.8317102,0.86542755,5.4
1556968297999,106.784121774,127.1419082,36.8316475,1.68155,7.226
1556968300999,106.694225174,127.1419289,36.8315866,1.8525062,7.591
1556968303999,106.606321293,127.1419966,36.8315485,2.2091076,7.672
1556968305999,106.550484908,127.1420508,36.831522,2.279679,7.713
1556968307999,106.496835077,127.1421014,36.8314966,2.1772532,7.812
1556968311999,106.399818603,127.142145,36.8314629,1.8201327,8.83
1556968316999,106.293601344,127.1421789,36.8314199,1.3732466,9.881
1556968319999,106.256359975,127.1421893,36.8313718,1.2866786,10.032
1556968322999,106.237110827,127.1421891,36.8313238,1.3372871,10.099
1556968325999,106.242617742,127.1421775,36.8312791,1.2790663,8.574
1556968333999,106.229682153,127.1421912,36.8312209,1.0812062,5.182
1556968336999,106.178484279,127.1422174,36.8311796,1.0225623,4.313
1556968341999,106.034988527,127.142265,36.8311526,0.6798793,3.914
1556968345999,105.875787931,127.1423174,36.8311162,1.3760116,3.898
1556968351999,105.536492036,127.1423426,36.8310758,0.73496234,3.293
1556968358999,105.314560818,127.1422893,36.8310498,0.45779833,3.445
1556968365999,105.211073492,127.1422555,36.8310896,1.1273699,3.011
1556968374999,105.113653851,127.1422255,36.8311298,0.39295056,4.007
1556968379999,105.027637549,127.1421632,36.8311058,1.0189108,4.222
1556968381999,104.972490354,127.1421039,36.8310736,1.1737382,4.264
1556968383999,104.922609821,127.1420521,36.8310503,1.1267107,4.16
1556968386999,104.853280042,127.1419952,36.8310261,0.99566007,4.066
1556968389999,104.776680039,127.1419404,36.8310011,0.94964033,4.159
1556968392999,104.689512956,127.1418892,36.8309706,1.0049282,4.277
1556968396999,104.571615379,127.1418325,36.8309571,0.6286465,4.091
1556968400999,104.489819024,127.1417692,36.8309577,0.36558938,4.171
1556968405999,104.366278747,127.1417108,36.830954,0.77177775,4.061
1556968413999,104.168760347,127.1416795,36.8309162,0.74748486,5.164
1556968419999,104.029190392,127.1417018,36.8308672,0.8343348,5.275
1556968425999,103.612519496,127.141761,36.8308521,1.026084,5.501
1556968437999,101.763872437,127.141806,36.8308197,0.93070614,5.389
1556968443999,100.745586379,127.1418527,36.830782,0.90549153,5.428
1556968451999,99.4042771022,127.1418688,36.8307224,0.7534649,5.409
1556968454999,98.7872954803,127.1418705,36.8306579,0.72992873,5.223
1556968457999,98.5298023785,127.1418609,36.8306129,0.07066671,5.615
1556968462999,97.5129164911,127.141843,36.8305684,0.42400393,5.327
1556968466999,96.8337632645,127.1418186,36.8305268,0.7407646,7.068
1556968469999,96.3686247549,127.1417836,36.8304811,0.82823396,7.471
1556968472999,95.965248162,127.1417545,36.8304391,0.83565027,7.635
1556968475999,95.6348898543,127.1417167,36.8303953,0.78651917,7.54
1556968477999,95.4632171643,127.14168,36.8303551,0.8514632,7.652
1556968479999,95.2896570792,127.1416475,36.8303074,0.82718444,6.68
1556968482999,95.0583038177,127.1416358,36.8302563,0.7779282,5.767
1556968505999,94.689786002,127.1415824,36.8302743,0.51020616,5.008
1556968601564,88.5,127.1413712,36.830248,0.0,16.295
1556968605704,163.074184498,127.1416535,36.8306279,0.7928925,15.096
1556968606643,163.074184498,127.1416897,36.8306766,0.0,17.531
1556968611668,163.074184498,127.1418473,36.8308886,0.0,19.639
1556968619029,163.074184498,127.1419549,36.8310334,0.0,22.548
1556968624097,163.074184498,127.1420437,36.831153,0.0,25.251
1556968629123,163.074184498,127.1421323,36.8312723,0.0,30.454
1556968634137,163.074184498,127.1422148,36.8313832,0.0,35.386
1556968638684,0.0,127.1414239,36.8304627,0.41474533,21.15
1556968639684,0.0,127.1412065,36.8302561,0.0,20.038
1556968640684,0.0,127.1411426,36.8301881,0.0,19.402
1556968642000,0.0,127.1410972,36.8301259,0.0,18.143
1556968643000,178.713957778,127.1410307,36.8300429,0.0,10.03
1556968648000,176.011597623,127.1409744,36.8300193,1.1296396,7.182
1556968664408,0.0,127.1410156,36.8299705,0.0,5.947
1556968667000,120.683513722,127.1410644,36.8299466,0.0,5.335
1556968670000,120.319795299,127.1411169,36.8299292,0.17028736,3.752
1556968686000,118.452128534,127.1410921,36.8298819,0.7200479,4.81
1556968691000,117.863670206,127.1410703,36.8298282,0.7966914,5.131
1556968695000,117.226614164,127.1410582,36.8297751,0.7646641,5.251
1556968698000,116.697647278,127.1410704,36.8297301,0.9677145,5.277
1556968702000,115.946188771,127.1410968,36.8296844,1.2584327,6.38
1556968705000,115.396903048,127.1411205,36.8296083,1.2252014,6.45
1556968707000,115.049223338,127.1411301,36.8295603,1.0854763,5.797
1556968710000,114.548111418,127.141126,36.829505,0.9895763,5.547
1556968713000,114.052127097,127.1411045,36.8294628,0.9993806,4.876
1556968717000,113.385611394,127.141043,36.8294516,1.4335836,4.782
1556968721000,112.723291311,127.1409739,36.8294439,1.5729494,5.216
1556968736000,110.82549446,127.1409616,36.8293998,1.4926459,5.272
1556968741000,110.321947064,127.1409054,36.8293673,2.5753517,5.432
1556968743000,110.144177089,127.1409042,36.8293077,2.3765721,5.476
1556968744000,110.06539797,127.1409217,36.8292645,2.253616,5.481
1556968746000,109.913773336,127.140937,36.829197,2.0616238,5.561
1556968748000,109.685248973,127.1409699,36.829125,1.901824,5.55
1556968750000,109.381322185,127.1409791,36.8290783,1.7565961,6.582
1556968752000,109.084000031,127.1409854,36.8290165,1.6346682,7.122
1556968754000,108.769350823,127.1409957,36.8289534,1.0455331,5.873
1556968758000,108.154767031,127.1410196,36.8289125,0.88674915,5.395
1556968763000,107.601928604,127.141047,36.8288669,0.024404012,6.89
1556968767000,107.126768345,127.1410736,36.8288166,0.5452851,7.59
1556968770000,106.794414292,127.1410951,36.8287658,0.51453704,7.619
1556968776000,106.237339447,127.1411029,36.828721,0.21952608,7.947
1556968781000,105.733803345,127.1410858,36.8286719,0.66937226,7.753
1556968786000,105.256923917,127.1410809,36.8286215,0.81362116,7.654
1556968791000,104.792924175,127.1410975,36.828571,0.8664183,7.808
1556968800000,103.931703685,127.1411236,36.8285226,0.83677775,7.602
1556968803000,103.621562842,127.14114,36.828471,1.1125195,7.709
1556968806000,103.314246011,127.1411378,36.8284056,1.1101426,7.85
1556968808000,103.098168311,127.1411249,36.8283589,1.0461998,7.859
1556968811000,102.821427162,127.1411185,36.8283124,0.9892747,7.826
1556968816000,102.403254268,127.1411184,36.8282554,0.9285964,7.715
1556968821000,102.017979147,127.1411246,36.8282069,0.5420768,5.673
1556968826000,101.751237271,127.1411211,36.8281577,0.41985697,5.278
1556968832000,101.379659724,127.141103,36.8281062,0.44616875,6.841
1556968836000,101.152327943,127.1410896,36.8280541,0.2795059,7.621
1556968842000,100.855791098,127.1410882,36.8280026,0.7100741,7.639
1556968850000,100.562623698,127.1410543,36.8279625,0.8252978,7.865
1556968855000,100.432696103,127.1410377,36.8279133,0.4918471,5.745
1556968866000,100.368027427,127.1410271,36.8278667,0.08823024,5.58
1556968873000,100.306165164,127.1410017,36.8278239,0.5907625,5.332
1556968876000,100.263295793,127.1409884,36.8277779,0.7226207,5.254
1556968879000,100.191565605,127.1409963,36.827726,0.8602038,5.431
1556968884000,100.025186176,127.1410013,36.8276721,0.88272774,5.301
1556968889000,99.8303661501,127.1409951,36.8276237,1.0124214,5.426
1556968893000,99.6752932818,127.1410079,36.827569,1.3800371,5.675
1556968898000,99.498097787,127.1410156,36.8275181,1.067018,5.322
1556968903000,99.3301010485,127.1410006,36.8274708,1.0291798,5.411
1556968907000,99.236472955,127.1409529,36.8274454,0.57834977,4.316
1556968912000,99.069715629,127.1409229,36.8273983,1.1032088,5.123
1556968917000,98.875978501,127.1409358,36.827351,0.76560515,5.464
1556968925000,98.5982246407,127.1409238,36.8273063,0.5649473,5.289
1556968929000,98.442820592,127.1408694,36.8272848,1.1057081,5.596
1556968933000,98.2933515916,127.1408626,36.8272348,1.6436656,5.515
1556968943000,98.0087054889,127.1408523,36.8271878,0.9773981,4.389
1556968948000,97.8264140059,127.1408055,36.8271497,1.2164688,4.072
1556968951000,97.7051794615,127.1408095,36.8271026,1.3244466,4.824
1556968953000,97.6196400797,127.1408258,36.8270573,1.3923366,5.205
1556968955000,97.5262124096,127.1408471,36.8270039,1.461749,5.49
1556968959000,97.2999115253,127.1408699,36.8269422,0.998595,7.256
1556968962000,97.1149690312,127.1408719,36.8268895,1.1108327,7.495
1556968965000,96.9089741499,127.14089,36.8268398,1.0803558,7.603
1556968968000,96.7035970426,127.1409092,36.8267852,1.0495963,7.752
1556968971000,96.4921858152,127.1409391,36.8267356,0.97499406,7.863
1556968975000,96.2232331733,127.1409471,36.8266821,0.906799,7.769
1556968980000,95.9148513879,127.1409472,36.8266267,0.9350188,7.812
1556968987000,95.557106288,127.1409534,36.8265751,1.0016183,7.657
1556968991000,95.3956802049,127.1409761,36.8265222,1.0115621,7.724
1556968994000,95.2938265978,127.1409712,36.8264771,1.1376524,7.819
1556968997000,95.1942781338,127.1409776,36.8264243,0.90176034,7.729
1556969001000,95.0654584125,127.1409801,36.8263787,0.72695076,7.72
1556969005000,94.9487727856,127.1409819,36.8263278,1.2292827,7.839
1556969009000,94.8686615522,127.1409847,36.8262734,1.7895608,7.725
1556969011000,94.7698017867,127.1409757,36.8262245,2.1787386,7.749
1556969014000,94.5741518951,127.1409385,36.8261706,1.412828,7.771
1556969018000,94.2829832925,127.1408886,36.8261295,1.0460055,7.945
1556969021000,94.1631315922,127.1408417,36.8261024,0.98728746,7.734
1556969024000,94.0837150709,127.1407705,36.8260705,1.9026724,7.724
1556969027000,93.9422794229,127.1407237,36.8260434,1.3507239,7.711
1556969032000,93.6675695723,127.1406868,36.8259998,0.7067193,6.765
1556969043000,92.9635733574,127.140682,36.8259526,1.4769597,5.328
1556969049000,92.4647570471,127.1406658,36.825904,1.6468801,5.461
1556969070398,91.829231737,127.1406557,36.8258227,0.0,33.561
1556969075447,75.4000015259,127.140469,36.8259739,0.0,14.516
1556969085528,75.4000015259,127.1404183,36.82594,0.0,14.892
1556969095603,75.5,127.1403756,36.8259952,0.0,17.171
1556969101387,75.5,127.1401197,36.8259975,0.0,14.935
1556969106865,75.4000015259,127.1400485,36.8259804,0.0,13.799
1556969111885,75.5,127.140013,36.8259337,0.0,12.609
1556969127035,81.5999984741,127.1399518,36.8259371,0.0,12.417
1556969147410,81.5,127.140165,36.8258536,0.0,16.376
1556969192912,81.5,127.140165,36.8258536,0.0,16.376
1556969245859,81.5999984741,127.1402761,36.8260179,0.0,16.053
1556969273347,81.5999984741,127.1404711,36.8260685,0.0,12.544
1556969293877,81.5999984741,127.1405197,36.8260946,0.0,11.302
1556969637352,81.5999984741,127.1405038,36.8260857,0.0,15.114
1556969697562,81.5,127.1405381,36.8261058,0.0,11.886
1556969785845,81.0,127.1405404,36.8261196,0.0,14.377
1556970338156,81.5999984741,127.1404239,36.8260384,0.0,14.805
1556970346872,81.5999984741,127.1404319,36.8260435,0.0,12.103
1556970356958,81.5999984741,127.1403815,36.8260169,0.0,13.355
1556970374745,81.5999984741,127.1403231,36.8259921,0.0,14.855
1556970393179,81.5999984741,127.1402679,36.8259792,0.0,13.901
1556970403197,81.5999984741,127.1402165,36.8259579,0.0,12.108
1556970413319,81.5999984741,127.1401405,36.8259384,0.0,11.63
1556970424389,81.6999969482,127.1400787,36.8259466,0.0,13.88
1556970434933,81.5999984741,127.1400089,36.8259763,0.0,11.878
1556970450060,81.6999969482,127.1400054,36.8260229,0.0,15.285
1556970470434,81.5999984741,127.1400026,36.8259635,0.0,14.993
1556970485065,81.6999969482,127.1399928,36.8258682,0.0,26.576
1556970505460,0.0,127.1401549,36.8259427,0.0,15.81
1556970513193,81.6999969482,127.1402571,36.8259737,0.0,16.048
1556970543252,75.4000015259,127.1403211,36.8259683,0.0,12.732
1556970549069,75.4000015259,127.140362,36.8260023,0.0,17.966
1556970559338,75.4000015259,127.1402783,36.8260321,0.0,20.49
1556970564390,75.5,127.1402055,36.825969,0.0,15.501
1556970569403,75.4000015259,127.1401133,36.8259431,0.0,13.477
1556970574450,75.4000015259,127.1400396,36.8259369,0.0,12.158
1556970584583,75.4000015259,127.1399771,36.8259514,0.0,11.307
1556970590623,75.4000015259,127.1399198,36.8259393,0.0,14.001
1556970601368,75.4000015259,127.1398343,36.825944,0.0,12.959
1556970616483,74.4000015259,127.1396406,36.8258769,0.0,15.298
1556970621524,74.4000015259,127.1395402,36.8258107,0.0,16.984
1556970626586,74.4000015259,127.1394557,36.8257736,0.8097752,18.222
1556970627586,74.4000015259,127.1393629,36.8257711,0.0,21.594
1556970628586,110.518979333,127.139282,36.8258951,0.1338428,12.869
1556970631552,74.5,127.1392304,36.8258553,1.1271961,9.953
1556970633000,74.5,127.1391738,36.8257878,0.0,11.182
1556970635000,74.5,127.1391318,36.8257431,0.5413059,11.763
1556970636000,116.768432495,127.139181,36.8258314,0.99994147,7.653
1556970638000,117.730132323,127.1392111,36.825881,0.0,6.741
1556970642000,129.882790786,127.1392319,36.8259234,0.51014024,6.541
1556970658000,131.33695402,127.1391709,36.8259692,0.045285407,4.259
1556970663000,130.75551914,127.139102,36.8259795,0.4267376,3.833
1556970666000,130.352655005,127.1390454,36.8259883,0.65351635,4.086
1556970673000,129.51297977,127.138984,36.8259908,0.8104646,5.515
1556970677000,129.114936358,127.1388925,36.8259832,0.91830474,5.437
1556970679000,128.959974943,127.1387939,36.8259722,0.9703115,5.314
1556970680000,128.896338904,127.1387328,36.8259674,0.97966653,5.278
1556970682000,128.788651183,127.1386369,36.8259562,1.0717378,5.29
1556970684000,128.688931731,127.1385591,36.8259377,1.1883892,4.816
1556970687000,128.529676248,127.1385039,36.8259219,1.2407123,4.266
1556970692000,128.279912094,127.1384502,36.8259079,1.2591734,4.484
1556970697000,128.055641854,127.1383867,36.8258891,1.3028688,5.567
1556970705000,127.686460382,127.1383237,36.8258891,0.8822855,5.201
1556970709000,127.514213598,127.1382598,36.8258778,0.8957831,5.418
1556970711000,127.446503192,127.1381696,36.8258661,0.9021731,5.502
1556970713000,127.387816951,127.1380843,36.8258662,0.6448786,4.47
1556970717000,127.320904887,127.138027,36.8258662,0.527057,4.205
1556970727000,127.224637546,127.1379841,36.8258974,0.18388212,4.067
1556970740000,126.921431,127.1379364,36.8259233,0.53550243,4.356
1556970745000,126.749671183,127.1378802,36.8259433,0.70583785,4.138
1556970748000,126.619738375,127.1378179,36.8259519,0.5777907,4.361
1556970752000,126.422936775,127.1377426,36.8259584,0.7351877,4.15
1556970755000,126.255663752,127.1376774,36.8259628,0.96998554,4.136
1556970758000,126.061243138,127.1376105,36.8259661,1.0068091,4.289
1556970762000,125.781245563,127.1375487,36.825969,0.97922415,4.192
1556970768000,125.322295077,127.1374822,36.8259595,0.88433677,4.301
1556970772000,125.004279637,127.1374247,36.8259493,1.1519226,4.191
1556970777000,124.634490513,127.1373508,36.8259358,1.6483356,4.293
1556970780000,124.44036965,127.1372941,36.8259369,1.404765,4.329
1556970785000,124.189381482,127.137233,36.8259326,0.86793375,4.096
1556970798000,123.665942941,127.1371747,36.8259394,0.5469916,4.371
1556970806000,123.32795603,127.1371562,36.8258892,0.5043006,4.489
1556970828000,122.905458066,127.1371317,36.8258485,0.5531447,4.199
1556970833000,122.593154576,127.1371145,36.8258033,0.71536505,4.932
1556970841000,122.297608751,127.137118,36.8257578,0.32115293,4.938
1556970861000,121.264563651,127.13711,36.8257116,0.86665887,4.515
1556970869000,120.689140568,127.1370423,36.8257144,1.000307,3.305
1556970872000,120.407447284,127.1369885,36.8257345,1.0637708,3.149
1556970876000,120.03509904,127.1369369,36.8257522,1.0614086,3.051
1556970880000,119.656388619,127.1368821,36.8257641,1.0358013,3.077
1556970885000,119.17470044,127.1368185,36.8257803,0.98892593,3.056
1556970890000,118.67261421,127.1367612,36.8257924,1.0093417,3.903
1556970896000,118.075701781,127.1367026,36.8258058,0.95224684,3.439
1556970901000,117.576769988,127.1366321,36.8258052,1.0851977,3.068
1556970904000,117.288686914,127.1365771,36.8257944,1.2076557,3.75
1556970909000,116.823381313,127.1365164,36.825786,1.1392646,4.112
1556970914000,116.351548274,127.1364569,36.8257838,1.0904709,4.09
1556970919000,115.876814163,127.1363904,36.8257991,1.0909001,4.207
1556970925000,115.327920763,127.1363278,36.8258135,0.9250732,3.0
1556970929000,114.963599601,127.1362686,36.8258047,1.1262618,3.874
1556970933000,114.608727099,127.1362046,36.8258033,0.8879577,3.337
1556970947000,113.401786053,127.1361582,36.8258331,0.6708881,3.0
1556970953000,112.907131829,127.1361032,36.8258543,0.8274783,4.214
1556970957000,112.522020749,127.1360511,36.8258762,0.49507415,4.243
1556970962000,112.043529251,127.1360031,36.8259165,0.88040286,4.229
1556970966000,111.681345806,127.1359482,36.8259434,1.0506616,4.174
1556970970000,111.338780599,127.1358917,36.8259698,1.0156392,4.207
1556970975000,110.925583269,127.1358383,36.8259965,0.9514376,4.175
1556970981000,110.455411436,127.1357799,36.8260153,0.8747345,4.058
1556970986000,110.094479199,127.1357162,36.8260276,0.8820976,4.21
1556970989000,109.881253491,127.1356587,36.8260424,0.9079645,3.211
1556970997000,109.447979381,127.1356024,36.826053,0.33070546,3.0
1556971006000,108.852709298,127.1356592,36.8260483,0.17245184,3.106
1556971024000,107.748859106,127.1356053,36.8260622,0.92189425,3.998
1556971026000,107.636045978,127.1355473,36.826063,0.93890893,4.022
1556971029000,107.464826635,127.1354836,36.8260654,0.933344,4.224
1556971049000,106.438260809,127.1354658,36.8261119,0.54694843,3.877
1556971059000,105.975611062,127.1354469,36.8261546,0.625005,4.277
1556971063000,105.781822063,127.1353988,36.8261927,0.9256133,4.307
1556971066000,105.643904592,127.1353394,36.8262151,0.9117297,4.287
1556971070000,105.471042473,127.1352721,36.8262247,0.87955487,4.34
1556971075000,105.26895015,127.1352122,36.8262306,0.60452515,4.026
1556971081000,105.081158331,127.1351625,36.8262563,0.029861523,3.972
1556971087000,104.884281203,127.1351045,36.8262762,0.789504,4.228
1556971090000,104.792304625,127.1350607,36.8263171,0.6757781,4.28
1556971093000,104.70578016,127.1350206,36.8263633,0.67521656,4.261
1556971096000,104.621737434,127.134973,36.8263945,0.74255806,4.136
1556971100000,104.511405052,127.1349252,36.8264231,0.72445107,4.347
1556971104000,104.402635366,127.1348713,36.8264506,0.70499104,4.321
1556971108000,104.289150758,127.1347989,36.8264552,0.7763663,4.122
1556971111000,104.206769523,127.1347395,36.8264591,0.8572527,4.15
1556971115000,104.098106635,127.1346774,36.8264683,0.95482045,4.201
1556971122000,103.922683053,127.1346102,36.8264731,0.44515383,4.062
1556971128000,103.803147555,127.1345418,36.8264646,0.6057096,4.096
1556971132000,103.753670442,127.1344756,36.8264629,0.5648669,4.225
1556971137000,103.696460271,127.1344134,36.8264612,0.8386685,4.084
1556971160000,103.547290229,127.1343583,36.8264525,0.03138959,3.0
1556971282975,86.5,127.1342856,36.8264803,0.0,36.952
1556971290830,89.4000015259,127.1339418,36.8265319,0.0,17.899
1556971295941,89.4000015259,127.1339313,36.8266119,0.0,20.906
1556971299090,181.253191252,127.1342837,36.8266571,10.225286,128.0
1556971300112,58.7481341336,127.1336087,36.8266151,7.0747147,64.0
1556971301096,60.006339731,127.1334569,36.82667,7.0306306,48.0
1556971303097,77.1028356968,127.1333615,36.8266317,7.076983,32.0
1556971306000,105.348696217,127.1333157,36.8267258,2.8622043,15.655
1556971308000,103.711697404,127.133249,36.8267498,3.2295642,12.131
1556971309000,100.112333551,127.1331696,36.8267938,4.5153704,16.0
1556971310000,97.8289574417,127.1331507,36.8268425,5.113182,16.0
1556971311000,98.3755356371,127.1331172,36.8268802,5.676217,16.0
1556971312000,99.1743232141,127.1331348,36.8269358,6.7436643,16.0
1556971313000,95.777757448,127.1331247,36.8270227,7.789402,16.0
1556971314000,94.268525256,127.1331284,36.8271062,8.440498,12.0
1556971315000,89.4795602605,127.1331279,36.8272218,8.522962,16.0
1556971316000,86.0227318813,127.1331274,36.8273251,8.733401,16.0
1556971317000,86.4874860164,127.1331324,36.8274041,8.87811,16.0
1556971318000,87.0512464544,127.133124,36.8274791,9.189618,24.0
1556971319000,87.3360322419,127.1331186,36.8275579,8.807533,16.0
1556971320000,88.4642658665,127.1331209,36.8276287,8.573835,16.0
1556971321000,94.0620362012,127.1331442,36.8276825,8.527336,8.0
1556971322000,94.0221313018,127.1331608,36.8277541,8.428705,8.0
1556971323000,96.0932370256,127.1331648,36.8278238,8.089602,8.0
1556971324000,97.6461106721,127.1331848,36.8278845,7.895642,8.0
1556971325000,99.631213008,127.1332163,36.8279437,7.501701,8.0
1556971326000,101.199769807,127.1332375,36.8279979,6.9102407,8.0
1556971327000,102.33239432,127.1332536,36.8280427,6.177449,8.0
1556971329000,103.35811523,127.1332521,36.8281,3.330114,6.91
1556971357000,102.514939267,127.1332818,36.8281543,1.4608734,5.243
1556971360000,102.138788717,127.1332952,36.8282239,3.6645439,8.409
1556971361000,100.686745579,127.1333158,36.8283733,4.0830727,16.0
1556971362000,99.4819217217,127.1333147,36.828422,4.490419,12.0
1556971363000,98.5077810699,127.1333152,36.8284744,5.053656,12.0
1556971364000,97.6917191866,127.1333134,36.8285269,5.354935,24.0
1556971365000,97.0073136858,127.1333118,36.8285891,5.975742,12.0
1556971366000,96.4757216584,127.133314,36.8286626,6.7474704,12.0
1556971367000,96.0820956049,127.133322,36.8287289,6.9123783,32.0
1556971368000,95.9818085121,127.1333266,36.8287909,6.821663,32.0
1556971369000,96.6056141174,127.1333227,36.8288606,6.8532662,48.0
1556971371000,101.457726559,127.1333206,36.8290215,7.677993,48.0
1556971372000,103.11626556,127.1332208,36.8291004,7.760541,48.0
1556971373000,104.178310611,127.1330944,36.8291797,7.676799,32.0
1556971374000,106.053434693,127.1329324,36.8292651,8.112877,32.0
1556971375000,107.733802317,127.1328638,36.8293496,8.386662,24.0
1556971376000,108.83198306,127.1328626,36.8294214,8.547803,24.0
1556971377000,109.763604848,127.1328811,36.8294998,8.790222,24.0
1556971378000,110.821400355,127.1329521,36.8295838,8.729528,24.0
1556971379000,111.523387071,127.1329764,36.8296606,8.503287,24.0
1556971380000,112.147885944,127.1330191,36.8297398,8.279615,24.0
1556971381000,112.694822895,127.1330671,36.8298189,7.5689406,24.0
1556971382000,113.213006786,127.1330991,36.8298878,7.399658,16.0
1556971383000,113.686510225,127.1331114,36.8299509,7.138249,16.0
1556971384000,114.122630039,127.1331352,36.8300171,7.13565,16.0
1556971385000,114.464065046,127.1331611,36.8300744,6.564887,16.0
1556971386000,114.821537631,127.1331765,36.8301197,5.9232693,16.0
1556971387000,115.103915351,127.1331982,36.8301632,5.339597,16.0
1556971389000,115.33011798,127.1332368,36.8302305,4.394566,16.0
1556971393000,115.354028377,127.1332798,36.8302737,2.8481722,15.615
1556971396000,115.338500106,127.133321,36.8303161,2.667348,16.548
1556971397000,115.330200661,127.133368,36.8303506,2.6500144,13.585
1556971399000,115.30234856,127.1334342,36.8303815,2.6011126,11.605
1556971401000,114.873096022,127.1335198,36.8303761,3.8116183,10.954
1556971402000,114.503345249,127.1337282,36.830328,5.4471145,16.0
1556971403000,114.114579644,127.1338475,36.8302965,6.127155,16.0
1556971404000,113.629655653,127.1339576,36.8302765,6.3861237,16.0
1556971405000,113.041206826,127.1341007,36.8302607,6.825524,12.0
1556971406000,112.355561368,127.1342406,36.830254,7.109861,12.0
1556971407000,111.77419487,127.1343853,36.8302494,7.6950603,8.0
1556971408000,111.265190697,127.1345188,36.8302382,7.8269906,8.0
1556971409000,110.835057465,127.1346249,36.8302185,8.074468,8.0
1556971410000,110.26611346,127.1347243,36.8302135,8.07616,8.0
1556971411000,109.608902755,127.1348242,36.8302192,7.808465,6.0
1556971412000,109.011729748,127.1349161,36.8302243,7.3308706,6.0
1556971413000,108.352879827,127.1350011,36.8302244,6.988706,6.0
1556971414000,107.643054913,127.1350847,36.8302258,6.886903,6.0
1556971415000,106.922197322,127.1351633,36.8302275,6.415546,6.0
1556971416000,106.253969744,127.1352277,36.8302237,5.985333,6.0
1556971417000,105.706870552,127.1352873,36.8302182,5.665502,6.0
1556971418000,105.309161603,127.1353485,36.8302119,5.920164,6.0
1556971419000,105.05163463,127.1354179,36.8302047,6.1546593,6.0
1556971420000,104.869958158,127.1354982,36.8301954,6.973378,6.0
1556971421000,104.784824814,127.1355919,36.8301848,7.9609046,6.0
1556971422000,105.094285143,127.1357063,36.8301868,8.570816,6.0
1556971423000,105.379506282,127.1358112,36.8301826,8.808954,6.0
1556971424000,105.618061271,127.1359099,36.8301789,8.803698,6.0
1556971425000,105.837509085,127.1360032,36.8301757,8.7237835,6.0
1556971426000,105.953514413,127.1360997,36.8301713,8.6550455,6.0
1556971427000,106.108865653,127.1362015,36.8301705,8.680761,6.0
1556971428000,106.285553514,127.1362982,36.8301677,8.816488,6.0
1556971429000,106.415659021,127.1364001,36.8301691,9.108883,6.0
1556971430000,106.509200449,127.1365144,36.830169,9.268781,6.0
1556971431000,106.625672032,127.1366265,36.8301701,9.084035,6.0
1556971432000,106.692459648,127.136729,36.8301688,8.722494,8.0
1556971433000,106.730660345,127.1368247,36.8301761,7.640443,6.0
1556971434000,106.827015745,127.1368945,36.8301834,6.446739,6.0
1556971436000,106.869834947,127.1369768,36.830193,4.293977,6.0
1556971438000,106.889068221,127.1370367,36.8301964,3.5210648,5.159
1556971440000,106.829372814,127.1371313,36.8302033,3.8562832,5.141
1556971441000,106.779500286,127.1372412,36.8302127,4.0262,6.0
1556971442000,106.22170096,127.1373,36.8302167,4.1898823,6.0
1556971443000,105.794911918,127.1373567,36.8302177,4.4040813,6.0
1556971445000,105.751132587,127.1374629,36.8302184,4.0630717,6.0
1556971447000,105.753678315,127.1375245,36.8302185,3.6870403,4.948
1556971449000,105.823302604,127.1375963,36.8302248,3.847701,4.907
1556971450000,106.42549879,127.1376797,36.8302508,4.0744057,6.0
1556971451000,106.982710145,127.1377275,36.8302805,4.4678097,8.0
1556971452000,107.339416972,127.1377777,36.8303242,5.0108304,8.0
1556971453000,107.66552558,127.1378169,36.8303728,5.5484557,6.0
1556971454000,107.905171021,127.1378437,36.8304348,6.3574677,6.0
1556971455000,108.040789603,127.1378642,36.8305024,7.1470757,6.0
1556971456000,108.157005892,127.137883,36.8305827,8.079078,6.0
1556971457000,108.323680814,127.1379043,36.8306687,8.720002,8.0
1556971458000,108.492232672,127.1379134,36.830764,9.372672,8.0
1556971459000,108.654592197,127.1379308,36.830864,9.750498,8.0
1556971460000,108.8463097,127.1379469,36.8309609,9.856187,8.0
1556971461000,109.042610683,127.1379595,36.8310633,10.223118,8.0
1556971462000,109.239203879,127.1379693,36.8311724,10.657619,8.0
1556971463000,109.471250551,127.1379817,36.8312842,11.137301,8.0
1556971464000,109.604961166,127.1379943,36.8314096,12.142553,8.0
1556971465000,109.705605301,127.1380119,36.8315377,12.69604,6.0
1556971466000,109.826690167,127.1380279,36.8316634,13.310445,6.0
1556971467000,110.012327255,127.1380433,36.8317958,13.8938675,6.0
1556971468000,110.206418311,127.1380637,36.8319294,14.159284,6.0
1556971469000,110.428951395,127.1380799,36.8320603,14.109384,6.0
1556971470000,110.586749047,127.1380896,36.8321945,14.0078335,6.0
1556971471000,110.709767651,127.1380993,36.8323225,13.839502,6.0
1556971472000,110.764118656,127.1381113,36.8324502,13.733941,6.0
1556971473000,110.835408255,127.1381208,36.8325734,13.426832,6.0
1556971474000,110.870248007,127.1381408,36.8326909,13.03343,6.0
1556971475000,110.892183098,127.138162,36.8328017,12.756736,6.0
1556971476000,110.88616678,127.1381815,36.8329149,12.645369,6.0
1556971477000,110.860390586,127.1382017,36.8330244,12.072917,6.0
1556971478000,110.816001029,127.1382167,36.8331224,11.715901,6.0
1556971479000,110.755873603,127.1382318,36.8332135,10.818349,6.0
1556971480000,110.713092505,127.1382456,36.83329,9.905545,6.0
1556971481000,110.690751057,127.1382553,36.8333638,9.259022,8.0
1556971482000,110.670667832,127.1382701,36.8334385,8.72782,8.0
1556971483000,110.668413771,127.138279,36.8335044,7.8420444,8.0
1556971484000,110.613063176,127.1382775,36.8335577,6.732598,8.0
1556971486000,110.602095234,127.1382925,36.8336343,4.675667,6.0
1556971488000,110.603461199,127.1383364,36.8336637,3.521956,5.33
1556971490000,110.60941616,127.1383875,36.8336911,3.8385117,5.152
1556971491000,110.658094821,127.1384796,36.8337157,4.8920197,6.0
1556971492000,110.72032965,127.13857,36.8337255,6.472644,6.0
1556971493000,110.731223595,127.1386934,36.833714,8.718819,6.0
1556971494000,110.707214215,127.1388302,36.8337108,10.4969425,6.0
1556971495000,110.678328496,127.1389896,36.8336969,11.617852,6.0
1556971496000,110.624447612,127.1391403,36.8336902,12.357938,6.0
1556971497000,110.585532312,127.1393253,36.8336836,13.10606,6.0
1556971498000,110.526568516,127.1395147,36.8336773,13.913285,6.0
1556971499000,110.482517662,127.1397039,36.8336663,14.4206,6.0
1556971500000,110.434233194,127.1398912,36.8336558,14.978449,8.0
1556971501000,110.395152893,127.1400733,36.8336454,15.192498,8.0
1556971502000,110.358177332,127.1402466,36.833635,15.095991,8.0
1556971503000,110.373683649,127.1404121,36.8336286,14.86184,8.0
1556971504000,110.399228671,127.1405773,36.8336268,14.709452,16.0
1556971505000,110.441057008,127.1407409,36.8336283,14.604122,16.0
1556971506000,110.472628163,127.1409073,36.8336279,14.603595,16.0
1556971507000,110.455865011,127.1410751,36.8336193,14.7685995,16.0
1556971508000,110.446489471,127.1412464,36.8336067,14.955168,16.0
1556971509000,110.420607554,127.1414114,36.8335934,14.899286,12.0
1556971510000,110.358445294,127.1415736,36.8335716,14.668187,12.0
1556971511000,110.265204198,127.1417211,36.8335521,14.284052,12.0
1556971512000,110.160484895,127.1418652,36.8335364,13.967192,12.0
1556971513000,110.050568668,127.1420095,36.8335244,13.714257,8.0
1556971514000,109.94676428,127.1421515,36.8335136,13.63598,8.0
1556971515000,109.898034829,127.1422883,36.8335027,13.895169,8.0
1556971516000,109.887334683,127.1424333,36.8334885,14.228128,8.0
1556971517000,109.904626891,127.1425811,36.8334718,14.352021,8.0
1556971518000,109.895259206,127.1427451,36.8334575,14.616732,8.0
1556971519000,109.914560352,127.1429165,36.8334451,15.065715,8.0
1556971520000,109.947863615,127.1430948,36.8334331,15.654977,8.0
1556971521000,109.942733008,127.1432777,36.8334205,15.867347,12.0
1556971522000,109.920229439,127.1434708,36.8334008,16.320911,12.0
1556971523000,109.854016233,127.1436665,36.8333872,16.862661,12.0
1556971524000,109.776211818,127.1438699,36.8333767,17.123636,12.0
1556971525000,109.691627713,127.1440709,36.8333648,17.48923,8.0
1556971526000,109.436862114,127.1442827,36.8333487,18.300966,8.0
1556971527000,109.145018713,127.1444932,36.833334,17.837887,8.0
1556971528000,108.794565478,127.1446955,36.833326,16.988136,8.0
1556971529000,108.417244025,127.1448917,36.8333187,16.681202,8.0
1556971530000,108.038723389,127.1450839,36.8333133,16.385412,8.0
1556971531000,107.697964287,127.1452521,36.8333109,14.539865,8.0
1556971532000,107.379283196,127.145373,36.8333168,11.407261,8.0
1556971533000,107.081599975,127.1454797,36.833337,9.680843,8.0
1556971534000,106.802288894,127.1455712,36.833399,9.118486,8.0
1556971535000,106.465167259,127.1456226,36.8334754,9.177684,8.0
1556971536000,106.156960559,127.1456551,36.8335647,9.247283,8.0
1556971537000,105.839832938,127.145664,36.833659,9.618792,6.0
1556971538000,105.543455477,127.1456619,36.8337493,10.539535,6.0
1556971539000,105.251113861,127.1456584,36.8338474,11.624425,6.0
1556971540000,105.016362096,127.145657,36.8339534,11.982387,8.0
1556971541000,104.810595807,127.1456709,36.8340653,11.913367,8.0
1556971542000,104.66627201,127.1456829,36.8341732,11.414434,8.0
1556971543000,104.574845303,127.1456936,36.8342757,10.888666,12.0
1556971544000,104.477515136,127.1456947,36.8343786,11.381179,12.0
1556971545000,104.416016493,127.1456986,36.8344796,10.245698,8.0
1556971546000,104.359845918,127.1457082,36.8345708,9.786789,8.0
1556971547000,104.306803605,127.1457017,36.834663,10.320262,8.0
1556971548000,104.239530683,127.1456947,36.8347607,10.676399,8.0
1556971549000,104.173659078,127.1456885,36.8348671,11.736723,6.0
1556971549999,104.120848925,127.1456849,36.8349796,12.427319,12.0
1556971550999,104.077032187,127.1456983,36.8350989,13.265791,8.0
1556971551999,104.005890603,127.1457107,36.8352111,11.565055,12.0
1556971552999,103.864172061,127.1457091,36.8353189,10.884221,12.0
1556971553999,103.650168324,127.1457073,36.8354167,9.51169,12.0
1556971554999,103.449429824,127.1457125,36.835503,9.123484,12.0
1556971555999,103.274086976,127.1457258,36.8355785,8.613353,8.0
1556971556999,103.20394093,127.1457455,36.8356362,7.2793603,8.0
1556971558999,103.453560216,127.1457786,36.8357001,4.3604755,8.0
1556971565999,103.938465576,127.1458045,36.8357437,0.0,8.219
1556971590999,106.42144484,127.145772,36.8357013,0.07650172,4.199
1556971598999,107.367645114,127.1457709,36.8357586,1.0214845,4.305
1556971603999,107.781896943,127.1457495,36.8358059,0.39981395,4.191
1556971610999,108.19073362,127.1457138,36.8358447,0.44409063,4.805
1556971617999,108.491767257,127.1457166,36.8358957,1.1690695,5.834
1556971621999,108.657453467,127.1457144,36.8359541,0.6985549,7.261
1556971626999,108.807884727,127.1457238,36.8360037,0.64162743,7.516
1556971629999,108.892933649,127.145745,36.8360465,0.85638195,6.531
1556971642999,108.959016246,127.1457663,36.8360883,0.55642307,5.301
1556971647999,108.839220617,127.1457441,36.8361459,0.90630347,5.322
1556971650999,108.72198012,127.1457185,36.8362097,1.1994478,5.459
1556971652999,108.65843971,127.1457056,36.8362731,1.1069793,5.553
1556971655999,108.557362418,127.145717,36.8363326,1.0567687,5.468
1556971657999,108.50087208,127.1457312,36.8363839,1.0643471,4.748
1556971660999,108.430165247,127.1457423,36.8364289,0.9719472,4.964
1556971665999,108.297651238,127.1457512,36.8364756,0.96455,5.122
1556971675999,108.07581111,127.1457755,36.8365183,0.77205,8.966
1556971684999,107.912569276,127.1458056,36.8365581,0.39952704,7.785
1556971702462,84.1999969482,127.1457377,36.8365354,0.026281081,9.463
1556971707999,84.1999969482,127.1456827,36.8365195,0.08075442,9.544
1556971836693,84.1999969482,127.1456709,36.8365286,0.014778925,9.625
1556971887421,84.0999984741,127.1456429,36.836286,0.0,14.254
1556971896000,84.0,127.1456473,36.8362406,0.0,10.555
1556971902000,61.703830961,127.1457039,36.8361969,1.2560716,7.538
1556971906000,84.0999984741,127.1456755,36.836155,0.0,9.017
1556971913000,97.8834749213,127.145725,36.8360942,0.8256126,10.58
1556971920000,108.759429816,127.145722,36.8360485,0.52613765,7.87
1556971924000,109.173159394,127.1457071,36.8360006,0.31230956,3.478
1556971931000,109.396917406,127.1457452,36.8359654,0.73933333,4.253
1556971937000,109.3115427,127.1457312,36.8359198,0.7409326,4.347
1556971941000,109.023346654,127.1457155,36.835876,0.7062893,4.112
1556971945000,108.673277819,127.1457083,36.835827,1.0436602,4.136
1556971949000,108.21402396,127.1456718,36.8357685,1.3660352,5.113
1556971952000,107.832273217,127.1456341,36.8357205,1.338244,5.264
1556971955000,107.42706658,127.1456049,36.8356818,1.3061156,5.386
1556971959000,106.919770065,127.1455929,36.835635,1.1473871,5.386
1556971964000,106.271297559,127.1455863,36.8355823,0.969138,4.48
1556971969000,105.726996735,127.1456154,36.8355394,0.017861659,4.174
1556971974000,105.228016884,127.1456679,36.8355236,0.56375486,3.994
1556971978000,104.731083801,127.1457277,36.8355199,1.109807,4.214
1556971981000,104.372971541,127.1457863,36.8355217,1.002731,4.336
1556971985000,103.908678621,127.1458554,36.8355361,1.0357076,4.21
1556971989000,103.527940645,127.1459264,36.8355423,1.1241207,4.243
1556971992000,103.274000946,127.145986,36.8355391,1.2053573,4.271
1556971995000,103.075828078,127.1460503,36.8355336,1.2592545,4.273
1556971998000,102.90431866,127.1461149,36.8355233,1.2213179,5.261
1556972008000,102.541434911,127.146177,36.835524,0.6131312,4.013
1556972013000,102.479115377,127.1462366,36.8355322,0.7198577,4.043
1556972021000,102.448521788,127.1462968,36.8355418,0.40418804,4.114
1556972028000,102.548959818,127.14636,36.8355409,0.522121,4.131
1556972034000,102.683612388,127.1464202,36.8355379,0.597909,5.083
1556972037000,102.812090799,127.1464781,36.8355381,0.6531944,4.131
1556972049000,103.327211894,127.1465294,36.8355105,0.7224025,4.159
1556972056000,103.318887148,127.1465739,36.8354728,1.3803183,5.609
1556972062000,102.926874117,127.146601,36.8354315,0.6438389,5.487
1556972068000,101.898735872,127.1465785,36.8353861,0.4362516,3.997
1556972074000,101.103399191,127.1465383,36.8353479,0.39632007,4.009
1556972083000,100.31816158,127.1465593,36.8353041,0.6313987,4.2
1556972090000,100.18569338,127.1466181,36.8352757,0.48245576,4.087
1556972096000,100.270945449,127.1466717,36.8352465,0.55073535,5.384
1556972104000,100.88698736,127.1467219,36.8352139,0.0,8.995
1556972110000,100.999047482,127.1467549,36.835143,0.015397843,12.709
1556972111000,100.998418118,127.1467561,36.8350934,0.037733912,11.698
1556972113000,100.983490893,127.1467304,36.8350358,0.72747713,10.792
1556972117000,100.933833631,127.1466922,36.8349898,0.3996756,10.246
1556972127000,100.843079028,127.1466461,36.8349602,0.020107318,13.913
1556972130000,100.816563041,127.1466471,36.8349103,0.26411083,14.484
1556972136000,100.799992677,127.146567,36.8349215,1.1815768,14.889
1556972141000,100.57143981,127.1465305,36.8348688,0.69051504,10.912
1556972148000,100.532596658,127.1465712,36.8348267,0.29885626,8.261
1556972161000,100.625914922,127.1465514,36.8347821,0.49297357,4.453
1556972176000,100.416076915,127.1465233,36.8347389,0.0006917419,8.293
1556972193312,0.0,127.1454574,36.8322853,0.0,2299.999
1556972204702,85.9000015259,127.1464818,36.8343199,0.0,39.56
1556972293901,114.300003052,127.1465235,36.8344084,0.0,15.484
1556972325047,105.0,127.1465891,36.8343969,0.0,13.566
1556972424706,105.0,127.1465995,36.8344,0.0,14.552
1556975509225,104.900001526,127.1466428,36.8343656,0.0,35.14
1556977666780,0.0,127.1457924,36.8330359,0.0,2000.0
1556977741831,111.5,127.1466174,36.83438,0.0,15.262
1556985301609,0.0,127.146539,36.8343747,0.0,18.57
1556989421230,106.699996948,127.1466155,36.8343808,0.0,16.408
1556990212334,111.5,127.1465605,36.8343968,0.0,15.137
1557003187405,106.699996948,127.1466126,36.834375,0.0,15.409
1557009253506,105.0,127.1465549,36.834397,0.0,14.89
1557013041524,114.300003052,127.1466151,36.8343809,0.0,16.326
